
0 34 2 IT 8.43713,5880.4 
0 93 2 HIS 14.7624,7721.24 
0 167 2 HE 10.4214,5857.06 
0 231 2 TO 12.4969,5884.8 
0 287 2 IN 10.5024,5888.34 
0 346 2 IS 18.8933,9163.31 
0 420 2 HE'S 19.1223,9834.51 
1 524 15232 IS 2.77332,1167.86 
1 531 15232 HAS 13.9139,3273.37 
1 568 15232 AS 16.6136,3252.48 
2 605 23356 WORKABLE 20.5288,10972.1 
2 725 23356 WORK 13.769,2872.96 
2 760 23356 WORKIN 18.0469,4324.48 
2 810 23356 UNWORKABLE 22.2374,11010 
2 930 23356 A 10.8941,2103.98 
2 959 23356 WORKED 11.6963,3254.61 
2 999 23356 ONE 12.3026,3053.18 
3 2.08845,0 
4 1037 26094 WORK 5.17246,2082.23 
4 1065 26094 WORKABLE 15.8282,10323.3 
4 1178 26094 WORKIN 13.3462,3675.7 
4 1221 15687 UNWORKABLE 17.5606,10361.2 
4 1334 15687 OWN 8.40404,1431.97 
5 1356 18725 AT 7.59223,1275.47 
5 1365 18725 AND 7.81431,1821.84 
5 1380 18725 AN 12.3329,2472.82 
5 1402 18725 OF 10.6612,2494.43 
5 1424 18725 IT 11.3312,2600.32 
6 1447 23277 ALL 4.81755,6951 
7 1.20467,0 
8 1521 5175 ALL 4.58889,6377.29 
9 3.65389,0 
10 1589 18725 AT 5.45416,1133.52 
10 1598 18725 AND 7.30222,1679.89 
10 1613 18725 AN 10.1938,2330.86 
10 1635 18725 OF 8.52219,2352.47 
11 1657 17782 IS 8.32988,3270.66 
11 1666 17748 HAS 11.5133,3280.95 
12 1698 26094 WORKABLE 14.5243,8891.61 
12 1811 26094 WORK 7.76444,792.489 
12 1839 26094 WORKIN 12.0423,2244.01 
12 1882 14681 UNWORKABLE 16.2328,8929.49 
13 1995 23208 HIS 6.13497,2193.14 
14 2005 13507 WORK 4.27357,1717.55 
14 2040 13507 WORKABLE 16.7467,9958.62 
15 2160 15200 HIS 7.14054,2206.24 
16 2188 25553 WORK 3.97245,1717.55 
16 2202 25553 WORKABLE 16.2561,9958.62 
17 2301 11179 WORKABLE 12.2929,8891.61 
17 2391 11179 WORK 5.78983,792.489 
18 2396 5187 ALL 5.62594,6615.69 
19 5.00057,0 
20 0.645098,0 
21 2465 11179 WORKABLE 12.2929,8891.61 
21 2555 11179 WORK 4.64237,792.489 
22 2560 5193 ALL 5.04103,5736.35 
23 1.80135,0 
24 2621 5193 ALL 4.11818,5736.35 
25 2.98592,0 
26 2682 18725 AT 5.45416,1133.52 
27 2691 18829 WORKIN 6.34569,1606.38 
28 2704 5193 ALL 4.46181,5642.24 
29 1.6783,0 
30 2764 2252 AT 8.83408,1372.81 
31 2774 5175 ALL 3.98147,6377.29 
32 2842 2288 AT 3.45242,1261.5 
33 2852 5176 ALL 5.11049,6733.88 
34 35 8 <eps> 
35 36 5 <eps> 
36 37 5 <eps> 
37 38 5 <eps> 
38 39 5 <eps> 
39 40 5 <eps> 
40 41 5 <eps> 
41 42 5 <eps> 
42 43 5 <eps> 
43 44 5 <eps> 
44 45 5 <eps> 
45 46 5 <eps> 
46 47 5 <eps> 
47 48 5 <eps> 
48 49 5 <eps> 
49 50 5 <eps> 
50 51 5 <eps> 
51 52 5 <eps> 
52 53 5 <eps> 
53 54 5 <eps> 
54 55 5 <eps> 
55 56 5 <eps> 
56 57 5 <eps> 
57 58 5 <eps> 
58 59 5 <eps> 
59 60 5 <eps> 
60 61 5 <eps> 
61 62 5 <eps> 
62 63 5 <eps> 
63 64 5 <eps> 
64 65 5 <eps> 
65 66 5 <eps> 
66 67 5 <eps> 
67 68 5 <eps> 
68 69 5 <eps> 
69 70 5 <eps> 
70 71 5 <eps> 
71 72 5 <eps> 
72 73 5 <eps> 
73 74 5 <eps> 
74 75 5 <eps> 
75 76 5 <eps> 
76 77 5 <eps> 
77 78 5 <eps> 
78 79 5 <eps> 
79 80 5 <eps> 
80 81 5 <eps> 
81 82 5 <eps> 
82 83 5 <eps> 
83 84 5 <eps> 
84 85 18 <eps> 
85 86 17 <eps> 
86 87 17 <eps> 
87 88 17 <eps> 
88 89 17 <eps> 
89 90 17 <eps> 
90 91 17 <eps> 
91 92 17 <eps> 
92 1 17 <eps> 
93 94 8 <eps> 
94 95 5 <eps> 
95 96 5 <eps> 
96 97 5 <eps> 
97 98 5 <eps> 
98 99 5 <eps> 
99 100 5 <eps> 
100 101 5 <eps> 
101 102 5 <eps> 
102 103 5 <eps> 
103 104 5 <eps> 
104 105 5 <eps> 
105 106 5 <eps> 
106 107 5 <eps> 
107 108 5 <eps> 
108 109 5 <eps> 
109 110 5 <eps> 
110 111 5 <eps> 
111 112 5 <eps> 
112 113 5 <eps> 
113 114 5 <eps> 
114 115 5 <eps> 
115 116 5 <eps> 
116 117 5 <eps> 
117 118 5 <eps> 
118 119 5 <eps> 
119 120 5 <eps> 
120 121 5 <eps> 
121 122 5 <eps> 
122 123 5 <eps> 
123 124 5 <eps> 
124 125 5 <eps> 
125 126 5 <eps> 
126 127 5 <eps> 
127 128 5 <eps> 
128 129 5 <eps> 
129 130 5 <eps> 
130 131 5 <eps> 
131 132 5 <eps> 
132 133 5 <eps> 
133 134 5 <eps> 
134 135 5 <eps> 
135 136 5 <eps> 
136 137 5 <eps> 
137 138 5 <eps> 
138 139 5 <eps> 
139 140 5 <eps> 
140 141 5 <eps> 
141 142 5 <eps> 
142 143 5 <eps> 
143 144 18 <eps> 
144 145 17 <eps> 
145 146 13470 <eps> 
146 147 13469 <eps> 
147 148 13469 <eps> 
148 149 13469 <eps> 
149 150 13469 <eps> 
150 151 13469 <eps> 
151 152 13534 <eps> 
152 153 13533 <eps> 
153 154 13556 <eps> 
154 155 15578 <eps> 
155 156 15577 <eps> 
156 157 15577 <eps> 
157 158 15577 <eps> 
158 159 15577 <eps> 
159 160 15577 <eps> 
160 161 15577 <eps> 
161 162 15577 <eps> 
162 163 15652 <eps> 
163 164 15688 <eps> 
164 165 15687 <eps> 
165 166 15687 <eps> 
166 4 15687 <eps> 
167 168 8 <eps> 
168 169 5 <eps> 
169 170 5 <eps> 
170 171 5 <eps> 
171 172 5 <eps> 
172 173 5 <eps> 
173 174 5 <eps> 
174 175 5 <eps> 
175 176 5 <eps> 
176 177 5 <eps> 
177 178 5 <eps> 
178 179 5 <eps> 
179 180 5 <eps> 
180 181 5 <eps> 
181 182 5 <eps> 
182 183 5 <eps> 
183 184 5 <eps> 
184 185 5 <eps> 
185 186 5 <eps> 
186 187 5 <eps> 
187 188 5 <eps> 
188 189 5 <eps> 
189 190 5 <eps> 
190 191 5 <eps> 
191 192 5 <eps> 
192 193 5 <eps> 
193 194 5 <eps> 
194 195 5 <eps> 
195 196 5 <eps> 
196 197 5 <eps> 
197 198 5 <eps> 
198 199 5 <eps> 
199 200 5 <eps> 
200 201 5 <eps> 
201 202 5 <eps> 
202 203 5 <eps> 
203 204 5 <eps> 
204 205 5 <eps> 
205 206 5 <eps> 
206 207 5 <eps> 
207 208 5 <eps> 
208 209 5 <eps> 
209 210 5 <eps> 
210 211 5 <eps> 
211 212 5 <eps> 
212 213 5 <eps> 
213 214 5 <eps> 
214 215 5 <eps> 
215 216 5 <eps> 
216 217 5 <eps> 
217 218 18 <eps> 
218 219 17 <eps> 
219 220 13470 <eps> 
220 221 13469 <eps> 
221 222 13469 <eps> 
222 223 13469 <eps> 
223 224 13469 <eps> 
224 225 13469 <eps> 
225 226 13518 <eps> 
226 227 13517 <eps> 
227 228 13542 <eps> 
228 229 17670 <eps> 
229 230 17669 <eps> 
230 11 17738 <eps> 
231 232 8 <eps> 
232 233 5 <eps> 
233 234 5 <eps> 
234 235 5 <eps> 
235 236 5 <eps> 
236 237 5 <eps> 
237 238 5 <eps> 
238 239 5 <eps> 
239 240 5 <eps> 
240 241 5 <eps> 
241 242 5 <eps> 
242 243 5 <eps> 
243 244 5 <eps> 
244 245 5 <eps> 
245 246 5 <eps> 
246 247 5 <eps> 
247 248 5 <eps> 
248 249 5 <eps> 
249 250 5 <eps> 
250 251 5 <eps> 
251 252 5 <eps> 
252 253 5 <eps> 
253 254 5 <eps> 
254 255 5 <eps> 
255 256 5 <eps> 
256 257 5 <eps> 
257 258 5 <eps> 
258 259 5 <eps> 
259 260 5 <eps> 
260 261 5 <eps> 
261 262 5 <eps> 
262 263 5 <eps> 
263 264 5 <eps> 
264 265 5 <eps> 
265 266 5 <eps> 
266 267 5 <eps> 
267 268 5 <eps> 
268 269 5 <eps> 
269 270 5 <eps> 
270 271 5 <eps> 
271 272 5 <eps> 
272 273 5 <eps> 
273 274 5 <eps> 
274 275 5 <eps> 
275 276 5 <eps> 
276 277 5 <eps> 
277 278 5 <eps> 
278 279 5 <eps> 
279 280 5 <eps> 
280 281 5 <eps> 
281 282 18 <eps> 
282 283 23120 <eps> 
283 284 23172 <eps> 
284 285 23171 <eps> 
285 286 23171 <eps> 
286 13 23171 <eps> 
287 288 8 <eps> 
288 289 5 <eps> 
289 290 5 <eps> 
290 291 5 <eps> 
291 292 5 <eps> 
292 293 5 <eps> 
293 294 5 <eps> 
294 295 5 <eps> 
295 296 5 <eps> 
296 297 5 <eps> 
297 298 5 <eps> 
298 299 5 <eps> 
299 300 5 <eps> 
300 301 5 <eps> 
301 302 5 <eps> 
302 303 5 <eps> 
303 304 5 <eps> 
304 305 5 <eps> 
305 306 5 <eps> 
306 307 5 <eps> 
307 308 5 <eps> 
308 309 5 <eps> 
309 310 5 <eps> 
310 311 5 <eps> 
311 312 5 <eps> 
312 313 5 <eps> 
313 314 5 <eps> 
314 315 5 <eps> 
315 316 5 <eps> 
316 317 5 <eps> 
317 318 5 <eps> 
318 319 5 <eps> 
319 320 5 <eps> 
320 321 5 <eps> 
321 322 5 <eps> 
322 323 5 <eps> 
323 324 5 <eps> 
324 325 5 <eps> 
325 326 5 <eps> 
326 327 5 <eps> 
327 328 5 <eps> 
328 329 5 <eps> 
329 330 5 <eps> 
330 331 5 <eps> 
331 332 5 <eps> 
332 333 5 <eps> 
333 334 5 <eps> 
334 335 5 <eps> 
335 336 5 <eps> 
336 337 5 <eps> 
337 338 18 <eps> 
338 339 17 <eps> 
339 340 17 <eps> 
340 341 17 <eps> 
341 342 17 <eps> 
342 343 17 <eps> 
343 344 17 <eps> 
344 345 17 <eps> 
345 15 17 <eps> 
346 347 8 <eps> 
347 348 5 <eps> 
348 349 5 <eps> 
349 350 5 <eps> 
350 351 5 <eps> 
351 352 5 <eps> 
352 353 5 <eps> 
353 354 5 <eps> 
354 355 5 <eps> 
355 356 5 <eps> 
356 357 5 <eps> 
357 358 5 <eps> 
358 359 5 <eps> 
359 360 5 <eps> 
360 361 5 <eps> 
361 362 5 <eps> 
362 363 5 <eps> 
363 364 5 <eps> 
364 365 5 <eps> 
365 366 5 <eps> 
366 367 5 <eps> 
367 368 5 <eps> 
368 369 5 <eps> 
369 370 5 <eps> 
370 371 5 <eps> 
371 372 5 <eps> 
372 373 5 <eps> 
373 374 5 <eps> 
374 375 5 <eps> 
375 376 5 <eps> 
376 377 5 <eps> 
377 378 5 <eps> 
378 379 5 <eps> 
379 380 5 <eps> 
380 381 5 <eps> 
381 382 5 <eps> 
382 383 5 <eps> 
383 384 5 <eps> 
384 385 5 <eps> 
385 386 5 <eps> 
386 387 5 <eps> 
387 388 5 <eps> 
388 389 5 <eps> 
389 390 5 <eps> 
390 391 5 <eps> 
391 392 5 <eps> 
392 393 5 <eps> 
393 394 5 <eps> 
394 395 5 <eps> 
395 396 5 <eps> 
396 397 18 <eps> 
397 398 17 <eps> 
398 399 17 <eps> 
399 400 17 <eps> 
400 401 17 <eps> 
401 402 17 <eps> 
402 403 17 <eps> 
403 404 17 <eps> 
404 405 17 <eps> 
405 406 14572 <eps> 
406 407 14571 <eps> 
407 408 14571 <eps> 
408 409 14571 <eps> 
409 410 14571 <eps> 
410 411 14571 <eps> 
411 412 14638 <eps> 
412 413 14637 <eps> 
413 414 14637 <eps> 
414 415 14637 <eps> 
415 416 14637 <eps> 
416 417 14682 <eps> 
417 418 14681 <eps> 
418 419 14681 <eps> 
419 12 14681 <eps> 
420 421 8 <eps> 
421 422 5 <eps> 
422 423 5 <eps> 
423 424 5 <eps> 
424 425 5 <eps> 
425 426 5 <eps> 
426 427 5 <eps> 
427 428 5 <eps> 
428 429 5 <eps> 
429 430 5 <eps> 
430 431 5 <eps> 
431 432 5 <eps> 
432 433 5 <eps> 
433 434 5 <eps> 
434 435 5 <eps> 
435 436 5 <eps> 
436 437 5 <eps> 
437 438 5 <eps> 
438 439 5 <eps> 
439 440 5 <eps> 
440 441 5 <eps> 
441 442 5 <eps> 
442 443 5 <eps> 
443 444 5 <eps> 
444 445 5 <eps> 
445 446 5 <eps> 
446 447 5 <eps> 
447 448 5 <eps> 
448 449 5 <eps> 
449 450 5 <eps> 
450 451 5 <eps> 
451 452 5 <eps> 
452 453 5 <eps> 
453 454 5 <eps> 
454 455 5 <eps> 
455 456 5 <eps> 
456 457 5 <eps> 
457 458 5 <eps> 
458 459 5 <eps> 
459 460 5 <eps> 
460 461 5 <eps> 
461 462 5 <eps> 
462 463 5 <eps> 
463 464 5 <eps> 
464 465 5 <eps> 
465 466 5 <eps> 
466 467 5 <eps> 
467 468 5 <eps> 
468 469 5 <eps> 
469 470 5 <eps> 
470 471 18 <eps> 
471 472 17 <eps> 
472 473 13470 <eps> 
473 474 13469 <eps> 
474 475 13469 <eps> 
475 476 13469 <eps> 
476 477 13469 <eps> 
477 478 13469 <eps> 
478 479 13518 <eps> 
479 480 13517 <eps> 
480 481 13542 <eps> 
481 482 17804 <eps> 
482 483 17803 <eps> 
483 484 17803 <eps> 
484 485 17852 <eps> 
485 486 17851 <eps> 
486 487 17851 <eps> 
487 488 17851 <eps> 
488 489 17851 <eps> 
489 490 17888 <eps> 
490 491 17887 <eps> 
491 492 17887 <eps> 
492 493 17887 <eps> 
493 494 17887 <eps> 
494 495 26078 <eps> 
495 496 26108 <eps> 
496 497 26107 <eps> 
497 498 26107 <eps> 
498 499 26107 <eps> 
499 500 26107 <eps> 
500 501 26122 <eps> 
501 502 25554 <eps> 
502 503 25553 <eps> 
503 504 25553 <eps> 
504 505 25553 <eps> 
505 506 25553 <eps> 
506 507 25553 <eps> 
507 508 25553 <eps> 
508 509 25553 <eps> 
509 510 25553 <eps> 
510 511 25553 <eps> 
511 512 25553 <eps> 
512 513 25572 <eps> 
513 514 25571 <eps> 
514 515 25571 <eps> 
515 516 25606 <eps> 
516 517 11180 <eps> 
517 518 11179 <eps> 
518 519 11179 <eps> 
519 520 11208 <eps> 
520 521 11232 <eps> 
521 522 11231 <eps> 
522 523 18830 <eps> 
523 27 18829 <eps> 
524 525 15231 <eps> 
525 526 15231 <eps> 
526 527 15231 <eps> 
527 528 15296 <eps> 
528 529 15348 <eps> 
529 530 23270 <eps> 
530 2 23320 <eps> 
531 532 15231 <eps> 
532 533 15231 <eps> 
533 534 15231 <eps> 
534 535 15296 <eps> 
535 536 15348 <eps> 
536 537 23264 <eps> 
537 538 23296 <eps> 
538 539 23330 <eps> 
539 540 13476 <eps> 
540 541 13526 <eps> 
541 542 13554 <eps> 
542 543 2450 <eps> 
543 544 2506 <eps> 
544 545 2536 <eps> 
545 546 26088 <eps> 
546 547 26087 <eps> 
547 548 26108 <eps> 
548 549 26107 <eps> 
549 550 26107 <eps> 
550 551 26107 <eps> 
551 552 26122 <eps> 
552 553 25554 <eps> 
553 554 25553 <eps> 
554 555 25553 <eps> 
555 556 25553 <eps> 
556 557 25553 <eps> 
557 558 25553 <eps> 
558 559 25553 <eps> 
559 560 25553 <eps> 
560 561 25553 <eps> 
561 562 25553 <eps> 
562 563 25553 <eps> 
563 564 25572 <eps> 
564 565 25571 <eps> 
565 566 25571 <eps> 
566 567 25606 <eps> 
567 17 11180 <eps> 
568 569 15231 <eps> 
569 570 15231 <eps> 
570 571 15231 <eps> 
571 572 15296 <eps> 
572 573 15295 <eps> 
573 574 15348 <eps> 
574 575 23270 <eps> 
575 576 23320 <eps> 
576 577 23374 <eps> 
577 578 9232 <eps> 
578 579 9231 <eps> 
579 580 9258 <eps> 
580 581 9304 <eps> 
581 582 26088 <eps> 
582 583 26087 <eps> 
583 584 26087 <eps> 
584 585 26108 <eps> 
585 586 26107 <eps> 
586 587 26107 <eps> 
587 588 26107 <eps> 
588 589 26122 <eps> 
589 590 25554 <eps> 
590 591 25553 <eps> 
591 592 25553 <eps> 
592 593 25553 <eps> 
593 594 25553 <eps> 
594 595 25553 <eps> 
595 596 25553 <eps> 
596 597 25553 <eps> 
597 598 25553 <eps> 
598 599 25553 <eps> 
599 600 25553 <eps> 
600 601 25572 <eps> 
601 602 25571 <eps> 
602 603 25571 <eps> 
603 604 25606 <eps> 
604 17 11180 <eps> 
605 606 14594 <eps> 
606 607 14593 <eps> 
607 608 14638 <eps> 
608 609 14682 <eps> 
609 610 14681 <eps> 
610 611 14681 <eps> 
611 612 26094 <eps> 
612 613 26108 <eps> 
613 614 26107 <eps> 
614 615 26107 <eps> 
615 616 26107 <eps> 
616 617 26107 <eps> 
617 618 26122 <eps> 
618 619 25554 <eps> 
619 620 25553 <eps> 
620 621 25553 <eps> 
621 622 25553 <eps> 
622 623 25553 <eps> 
623 624 25553 <eps> 
624 625 25553 <eps> 
625 626 25553 <eps> 
626 627 25553 <eps> 
627 628 25553 <eps> 
628 629 25553 <eps> 
629 630 25572 <eps> 
630 631 25571 <eps> 
631 632 25571 <eps> 
632 633 25606 <eps> 
633 634 11180 <eps> 
634 635 11179 <eps> 
635 636 11179 <eps> 
636 637 11208 <eps> 
637 638 11232 <eps> 
638 639 11231 <eps> 
639 640 18830 <eps> 
640 641 18829 <eps> 
641 642 18829 <eps> 
642 643 18878 <eps> 
643 644 18877 <eps> 
644 645 18877 <eps> 
645 646 18900 <eps> 
646 647 3766 <eps> 
647 648 3765 <eps> 
648 649 3820 <eps> 
649 650 3830 <eps> 
650 651 7546 <eps> 
651 652 7560 <eps> 
652 653 7559 <eps> 
653 654 7580 <eps> 
654 655 7579 <eps> 
655 656 3726 <eps> 
656 657 3770 <eps> 
657 658 3769 <eps> 
658 659 3824 <eps> 
659 660 3823 <eps> 
660 661 19180 <eps> 
661 662 19179 <eps> 
662 663 19179 <eps> 
663 664 19179 <eps> 
664 665 19179 <eps> 
665 666 19179 <eps> 
666 667 19179 <eps> 
667 668 19179 <eps> 
668 669 19179 <eps> 
669 670 19179 <eps> 
670 671 19179 <eps> 
671 672 19179 <eps> 
672 673 19179 <eps> 
673 674 19179 <eps> 
674 675 19179 <eps> 
675 676 19179 <eps> 
676 677 19179 <eps> 
677 678 19179 <eps> 
678 679 19179 <eps> 
679 680 19179 <eps> 
680 681 19179 <eps> 
681 682 19179 <eps> 
682 683 19179 <eps> 
683 684 19179 <eps> 
684 685 19179 <eps> 
685 686 19179 <eps> 
686 687 19179 <eps> 
687 688 19192 <eps> 
688 689 19191 <eps> 
689 690 19191 <eps> 
690 691 19191 <eps> 
691 692 19220 <eps> 
692 693 19219 <eps> 
693 694 19219 <eps> 
694 695 19219 <eps> 
695 696 19219 <eps> 
696 697 19219 <eps> 
697 698 19219 <eps> 
698 699 19219 <eps> 
699 700 19219 <eps> 
700 701 19219 <eps> 
701 702 19219 <eps> 
702 703 19219 <eps> 
703 704 19219 <eps> 
704 705 19219 <eps> 
705 706 19219 <eps> 
706 707 19219 <eps> 
707 708 19219 <eps> 
708 709 19219 <eps> 
709 710 19219 <eps> 
710 711 19219 <eps> 
711 712 19219 <eps> 
712 713 19219 <eps> 
713 714 19219 <eps> 
714 715 19219 <eps> 
715 716 19219 <eps> 
716 717 19219 <eps> 
717 718 19219 <eps> 
718 719 19219 <eps> 
719 720 19219 <eps> 
720 721 19219 <eps> 
721 722 19219 <eps> 
722 723 2 <eps> 
723 724 8 <eps> 
724 3 18 <eps> 
725 726 14594 <eps> 
726 727 14593 <eps> 
727 728 14638 <eps> 
728 729 14682 <eps> 
729 730 14681 <eps> 
730 731 14681 <eps> 
731 732 26094 <eps> 
732 733 26108 <eps> 
733 734 26107 <eps> 
734 735 26107 <eps> 
735 736 26107 <eps> 
736 737 26107 <eps> 
737 738 26122 <eps> 
738 739 25554 <eps> 
739 740 25553 <eps> 
740 741 25553 <eps> 
741 742 25553 <eps> 
742 743 25553 <eps> 
743 744 25553 <eps> 
744 745 25553 <eps> 
745 746 25553 <eps> 
746 747 25553 <eps> 
747 748 25553 <eps> 
748 749 25553 <eps> 
749 750 25572 <eps> 
750 751 25571 <eps> 
751 752 25571 <eps> 
752 753 25606 <eps> 
753 754 11180 <eps> 
754 755 11179 <eps> 
755 756 11179 <eps> 
756 757 11208 <eps> 
757 758 11232 <eps> 
758 759 11231 <eps> 
759 10 18726 <eps> 
760 761 14594 <eps> 
761 762 14593 <eps> 
762 763 14638 <eps> 
763 764 14682 <eps> 
764 765 14681 <eps> 
765 766 14681 <eps> 
766 767 26094 <eps> 
767 768 26108 <eps> 
768 769 26107 <eps> 
769 770 26107 <eps> 
770 771 26107 <eps> 
771 772 26107 <eps> 
772 773 26122 <eps> 
773 774 25554 <eps> 
774 775 25553 <eps> 
775 776 25553 <eps> 
776 777 25553 <eps> 
777 778 25553 <eps> 
778 779 25553 <eps> 
779 780 25553 <eps> 
780 781 25553 <eps> 
781 782 25553 <eps> 
782 783 25553 <eps> 
783 784 25553 <eps> 
784 785 25572 <eps> 
785 786 25571 <eps> 
786 787 25571 <eps> 
787 788 25606 <eps> 
788 789 11180 <eps> 
789 790 11179 <eps> 
790 791 11179 <eps> 
791 792 11208 <eps> 
792 793 11232 <eps> 
793 794 11231 <eps> 
794 795 18830 <eps> 
795 796 18829 <eps> 
796 797 18829 <eps> 
797 798 18878 <eps> 
798 799 18877 <eps> 
799 800 18877 <eps> 
800 801 18900 <eps> 
801 802 3754 <eps> 
802 803 3794 <eps> 
803 804 3858 <eps> 
804 805 19980 <eps> 
805 806 19979 <eps> 
806 807 20044 <eps> 
807 808 20094 <eps> 
808 809 5188 <eps> 
809 18 5187 <eps> 
810 811 14594 <eps> 
811 812 14593 <eps> 
812 813 14638 <eps> 
813 814 14682 <eps> 
814 815 14681 <eps> 
815 816 14681 <eps> 
816 817 14681 <eps> 
817 818 14681 <eps> 
818 819 26094 <eps> 
819 820 26112 <eps> 
820 821 26111 <eps> 
821 822 26126 <eps> 
822 823 3466 <eps> 
823 824 3465 <eps> 
824 825 3506 <eps> 
825 826 3570 <eps> 
826 827 20106 <eps> 
827 828 20178 <eps> 
828 829 20177 <eps> 
829 830 20188 <eps> 
830 831 20187 <eps> 
831 832 20187 <eps> 
832 833 25704 <eps> 
833 834 25703 <eps> 
834 835 25703 <eps> 
835 836 25736 <eps> 
836 837 25735 <eps> 
837 838 25770 <eps> 
838 839 11180 <eps> 
839 840 11179 <eps> 
840 841 11179 <eps> 
841 842 11208 <eps> 
842 843 11232 <eps> 
843 844 11231 <eps> 
844 845 18830 <eps> 
845 846 18829 <eps> 
846 847 18829 <eps> 
847 848 18878 <eps> 
848 849 18877 <eps> 
849 850 18877 <eps> 
850 851 18900 <eps> 
851 852 3766 <eps> 
852 853 3765 <eps> 
853 854 3820 <eps> 
854 855 3830 <eps> 
855 856 7546 <eps> 
856 857 7560 <eps> 
857 858 7559 <eps> 
858 859 7580 <eps> 
859 860 7579 <eps> 
860 861 3726 <eps> 
861 862 3770 <eps> 
862 863 3769 <eps> 
863 864 3824 <eps> 
864 865 3823 <eps> 
865 866 19180 <eps> 
866 867 19179 <eps> 
867 868 19179 <eps> 
868 869 19179 <eps> 
869 870 19179 <eps> 
870 871 19179 <eps> 
871 872 19179 <eps> 
872 873 19179 <eps> 
873 874 19179 <eps> 
874 875 19179 <eps> 
875 876 19179 <eps> 
876 877 19179 <eps> 
877 878 19179 <eps> 
878 879 19179 <eps> 
879 880 19179 <eps> 
880 881 19179 <eps> 
881 882 19179 <eps> 
882 883 19179 <eps> 
883 884 19179 <eps> 
884 885 19179 <eps> 
885 886 19179 <eps> 
886 887 19179 <eps> 
887 888 19179 <eps> 
888 889 19179 <eps> 
889 890 19179 <eps> 
890 891 19179 <eps> 
891 892 19179 <eps> 
892 893 19192 <eps> 
893 894 19191 <eps> 
894 895 19191 <eps> 
895 896 19191 <eps> 
896 897 19220 <eps> 
897 898 19219 <eps> 
898 899 19219 <eps> 
899 900 19219 <eps> 
900 901 19219 <eps> 
901 902 19219 <eps> 
902 903 19219 <eps> 
903 904 19219 <eps> 
904 905 19219 <eps> 
905 906 19219 <eps> 
906 907 19219 <eps> 
907 908 19219 <eps> 
908 909 19219 <eps> 
909 910 19219 <eps> 
910 911 19219 <eps> 
911 912 19219 <eps> 
912 913 19219 <eps> 
913 914 19219 <eps> 
914 915 19219 <eps> 
915 916 19219 <eps> 
916 917 19219 <eps> 
917 918 19219 <eps> 
918 919 19219 <eps> 
919 920 19219 <eps> 
920 921 19219 <eps> 
921 922 19219 <eps> 
922 923 19219 <eps> 
923 924 19219 <eps> 
924 925 19219 <eps> 
925 926 19219 <eps> 
926 927 19219 <eps> 
927 928 2 <eps> 
928 929 8 <eps> 
929 20 18 <eps> 
930 931 14594 <eps> 
931 932 14593 <eps> 
932 933 14638 <eps> 
933 934 14682 <eps> 
934 935 14681 <eps> 
935 936 14681 <eps> 
936 937 14681 <eps> 
937 938 14681 <eps> 
938 939 26094 <eps> 
939 940 26112 <eps> 
940 941 26111 <eps> 
941 942 26126 <eps> 
942 943 3914 <eps> 
943 944 3913 <eps> 
944 945 3928 <eps> 
945 946 3986 <eps> 
946 947 25552 <eps> 
947 948 25551 <eps> 
948 949 25551 <eps> 
949 950 25551 <eps> 
950 951 25551 <eps> 
951 952 25551 <eps> 
952 953 25551 <eps> 
953 954 25551 <eps> 
954 955 25572 <eps> 
955 956 25571 <eps> 
956 957 25571 <eps> 
957 958 25606 <eps> 
958 21 11180 <eps> 
959 960 14594 <eps> 
960 961 14593 <eps> 
961 962 14638 <eps> 
962 963 14682 <eps> 
963 964 14681 <eps> 
964 965 14681 <eps> 
965 966 26094 <eps> 
966 967 26108 <eps> 
967 968 26107 <eps> 
968 969 26107 <eps> 
969 970 26107 <eps> 
970 971 26107 <eps> 
971 972 26122 <eps> 
972 973 25554 <eps> 
973 974 25553 <eps> 
974 975 25553 <eps> 
975 976 25553 <eps> 
976 977 25553 <eps> 
977 978 25553 <eps> 
978 979 25553 <eps> 
979 980 25553 <eps> 
980 981 25553 <eps> 
981 982 25553 <eps> 
982 983 25553 <eps> 
983 984 25572 <eps> 
984 985 25571 <eps> 
985 986 25571 <eps> 
986 987 25606 <eps> 
987 988 11180 <eps> 
988 989 11179 <eps> 
989 990 11179 <eps> 
990 991 11208 <eps> 
991 992 11232 <eps> 
992 993 18830 <eps> 
993 994 18890 <eps> 
994 995 18920 <eps> 
995 996 23282 <eps> 
996 997 23322 <eps> 
997 998 23332 <eps> 
998 30 23331 <eps> 
999 1000 14594 <eps> 
1000 1001 14593 <eps> 
1001 1002 14638 <eps> 
1002 1003 14682 <eps> 
1003 1004 14681 <eps> 
1004 1005 14681 <eps> 
1005 1006 26094 <eps> 
1006 1007 26108 <eps> 
1007 1008 26107 <eps> 
1008 1009 26107 <eps> 
1009 1010 26107 <eps> 
1010 1011 26107 <eps> 
1011 1012 26122 <eps> 
1012 1013 25554 <eps> 
1013 1014 25553 <eps> 
1014 1015 25553 <eps> 
1015 1016 25553 <eps> 
1016 1017 25553 <eps> 
1017 1018 25553 <eps> 
1018 1019 25553 <eps> 
1019 1020 25553 <eps> 
1020 1021 25553 <eps> 
1021 1022 25553 <eps> 
1022 1023 25553 <eps> 
1023 1024 25578 <eps> 
1024 1025 25577 <eps> 
1025 1026 25577 <eps> 
1026 1027 25577 <eps> 
1027 1028 25577 <eps> 
1028 1029 25596 <eps> 
1029 1030 4210 <eps> 
1030 1031 4218 <eps> 
1031 1032 4272 <eps> 
1032 1033 20004 <eps> 
1033 1034 20026 <eps> 
1034 1035 20072 <eps> 
1035 1036 20071 <eps> 
1036 32 2256 <eps> 
1037 1038 26108 <eps> 
1038 1039 26107 <eps> 
1039 1040 26107 <eps> 
1040 1041 26107 <eps> 
1041 1042 26107 <eps> 
1042 1043 26122 <eps> 
1043 1044 25554 <eps> 
1044 1045 25553 <eps> 
1045 1046 25553 <eps> 
1046 1047 25553 <eps> 
1047 1048 25553 <eps> 
1048 1049 25553 <eps> 
1049 1050 25553 <eps> 
1050 1051 25553 <eps> 
1051 1052 25553 <eps> 
1052 1053 25553 <eps> 
1053 1054 25553 <eps> 
1054 1055 25572 <eps> 
1055 1056 25571 <eps> 
1056 1057 25571 <eps> 
1057 1058 25606 <eps> 
1058 1059 11180 <eps> 
1059 1060 11179 <eps> 
1060 1061 11179 <eps> 
1061 1062 11208 <eps> 
1062 1063 11232 <eps> 
1063 1064 11231 <eps> 
1064 5 18726 <eps> 
1065 1066 26108 <eps> 
1066 1067 26107 <eps> 
1067 1068 26107 <eps> 
1068 1069 26107 <eps> 
1069 1070 26107 <eps> 
1070 1071 26122 <eps> 
1071 1072 25554 <eps> 
1072 1073 25553 <eps> 
1073 1074 25553 <eps> 
1074 1075 25553 <eps> 
1075 1076 25553 <eps> 
1076 1077 25553 <eps> 
1077 1078 25553 <eps> 
1078 1079 25553 <eps> 
1079 1080 25553 <eps> 
1080 1081 25553 <eps> 
1081 1082 25553 <eps> 
1082 1083 25572 <eps> 
1083 1084 25571 <eps> 
1084 1085 25571 <eps> 
1085 1086 25606 <eps> 
1086 1087 11180 <eps> 
1087 1088 11179 <eps> 
1088 1089 11179 <eps> 
1089 1090 11208 <eps> 
1090 1091 11232 <eps> 
1091 1092 11231 <eps> 
1092 1093 18830 <eps> 
1093 1094 18829 <eps> 
1094 1095 18829 <eps> 
1095 1096 18878 <eps> 
1096 1097 18877 <eps> 
1097 1098 18877 <eps> 
1098 1099 18900 <eps> 
1099 1100 3766 <eps> 
1100 1101 3765 <eps> 
1101 1102 3820 <eps> 
1102 1103 3830 <eps> 
1103 1104 7546 <eps> 
1104 1105 7560 <eps> 
1105 1106 7559 <eps> 
1106 1107 7580 <eps> 
1107 1108 7579 <eps> 
1108 1109 3726 <eps> 
1109 1110 3770 <eps> 
1110 1111 3769 <eps> 
1111 1112 3824 <eps> 
1112 1113 3823 <eps> 
1113 1114 19180 <eps> 
1114 1115 19179 <eps> 
1115 1116 19179 <eps> 
1116 1117 19179 <eps> 
1117 1118 19179 <eps> 
1118 1119 19179 <eps> 
1119 1120 19179 <eps> 
1120 1121 19179 <eps> 
1121 1122 19179 <eps> 
1122 1123 19179 <eps> 
1123 1124 19179 <eps> 
1124 1125 19179 <eps> 
1125 1126 19179 <eps> 
1126 1127 19179 <eps> 
1127 1128 19179 <eps> 
1128 1129 19179 <eps> 
1129 1130 19179 <eps> 
1130 1131 19179 <eps> 
1131 1132 19179 <eps> 
1132 1133 19179 <eps> 
1133 1134 19179 <eps> 
1134 1135 19179 <eps> 
1135 1136 19179 <eps> 
1136 1137 19179 <eps> 
1137 1138 19179 <eps> 
1138 1139 19179 <eps> 
1139 1140 19179 <eps> 
1140 1141 19192 <eps> 
1141 1142 19191 <eps> 
1142 1143 19191 <eps> 
1143 1144 19191 <eps> 
1144 1145 19220 <eps> 
1145 1146 19219 <eps> 
1146 1147 19219 <eps> 
1147 1148 19219 <eps> 
1148 1149 19219 <eps> 
1149 1150 19219 <eps> 
1150 1151 19219 <eps> 
1151 1152 19219 <eps> 
1152 1153 19219 <eps> 
1153 1154 19219 <eps> 
1154 1155 19219 <eps> 
1155 1156 19219 <eps> 
1156 1157 19219 <eps> 
1157 1158 19219 <eps> 
1158 1159 19219 <eps> 
1159 1160 19219 <eps> 
1160 1161 19219 <eps> 
1161 1162 19219 <eps> 
1162 1163 19219 <eps> 
1163 1164 19219 <eps> 
1164 1165 19219 <eps> 
1165 1166 19219 <eps> 
1166 1167 19219 <eps> 
1167 1168 19219 <eps> 
1168 1169 19219 <eps> 
1169 1170 19219 <eps> 
1170 1171 19219 <eps> 
1171 1172 19219 <eps> 
1172 1173 19219 <eps> 
1173 1174 19219 <eps> 
1174 1175 19219 <eps> 
1175 1176 2 <eps> 
1176 1177 8 <eps> 
1177 3 18 <eps> 
1178 1179 26108 <eps> 
1179 1180 26107 <eps> 
1180 1181 26107 <eps> 
1181 1182 26107 <eps> 
1182 1183 26107 <eps> 
1183 1184 26122 <eps> 
1184 1185 25554 <eps> 
1185 1186 25553 <eps> 
1186 1187 25553 <eps> 
1187 1188 25553 <eps> 
1188 1189 25553 <eps> 
1189 1190 25553 <eps> 
1190 1191 25553 <eps> 
1191 1192 25553 <eps> 
1192 1193 25553 <eps> 
1193 1194 25553 <eps> 
1194 1195 25553 <eps> 
1195 1196 25572 <eps> 
1196 1197 25571 <eps> 
1197 1198 25571 <eps> 
1198 1199 25606 <eps> 
1199 1200 11180 <eps> 
1200 1201 11179 <eps> 
1201 1202 11179 <eps> 
1202 1203 11208 <eps> 
1203 1204 11232 <eps> 
1204 1205 11231 <eps> 
1205 1206 18830 <eps> 
1206 1207 18829 <eps> 
1207 1208 18829 <eps> 
1208 1209 18878 <eps> 
1209 1210 18877 <eps> 
1210 1211 18877 <eps> 
1211 1212 18900 <eps> 
1212 1213 3754 <eps> 
1213 1214 3794 <eps> 
1214 1215 3858 <eps> 
1215 1216 19980 <eps> 
1216 1217 19979 <eps> 
1217 1218 20044 <eps> 
1218 1219 20094 <eps> 
1219 1220 5188 <eps> 
1220 18 5187 <eps> 
1221 1222 15687 <eps> 
1222 1223 26094 <eps> 
1223 1224 26112 <eps> 
1224 1225 26111 <eps> 
1225 1226 26126 <eps> 
1226 1227 3466 <eps> 
1227 1228 3465 <eps> 
1228 1229 3506 <eps> 
1229 1230 3570 <eps> 
1230 1231 20106 <eps> 
1231 1232 20178 <eps> 
1232 1233 20177 <eps> 
1233 1234 20188 <eps> 
1234 1235 20187 <eps> 
1235 1236 20187 <eps> 
1236 1237 25704 <eps> 
1237 1238 25703 <eps> 
1238 1239 25703 <eps> 
1239 1240 25736 <eps> 
1240 1241 25735 <eps> 
1241 1242 25770 <eps> 
1242 1243 11180 <eps> 
1243 1244 11179 <eps> 
1244 1245 11179 <eps> 
1245 1246 11208 <eps> 
1246 1247 11232 <eps> 
1247 1248 11231 <eps> 
1248 1249 18830 <eps> 
1249 1250 18829 <eps> 
1250 1251 18829 <eps> 
1251 1252 18878 <eps> 
1252 1253 18877 <eps> 
1253 1254 18877 <eps> 
1254 1255 18900 <eps> 
1255 1256 3766 <eps> 
1256 1257 3765 <eps> 
1257 1258 3820 <eps> 
1258 1259 3830 <eps> 
1259 1260 7546 <eps> 
1260 1261 7560 <eps> 
1261 1262 7559 <eps> 
1262 1263 7580 <eps> 
1263 1264 7579 <eps> 
1264 1265 3726 <eps> 
1265 1266 3770 <eps> 
1266 1267 3769 <eps> 
1267 1268 3824 <eps> 
1268 1269 3823 <eps> 
1269 1270 19180 <eps> 
1270 1271 19179 <eps> 
1271 1272 19179 <eps> 
1272 1273 19179 <eps> 
1273 1274 19179 <eps> 
1274 1275 19179 <eps> 
1275 1276 19179 <eps> 
1276 1277 19179 <eps> 
1277 1278 19179 <eps> 
1278 1279 19179 <eps> 
1279 1280 19179 <eps> 
1280 1281 19179 <eps> 
1281 1282 19179 <eps> 
1282 1283 19179 <eps> 
1283 1284 19179 <eps> 
1284 1285 19179 <eps> 
1285 1286 19179 <eps> 
1286 1287 19179 <eps> 
1287 1288 19179 <eps> 
1288 1289 19179 <eps> 
1289 1290 19179 <eps> 
1290 1291 19179 <eps> 
1291 1292 19179 <eps> 
1292 1293 19179 <eps> 
1293 1294 19179 <eps> 
1294 1295 19179 <eps> 
1295 1296 19179 <eps> 
1296 1297 19192 <eps> 
1297 1298 19191 <eps> 
1298 1299 19191 <eps> 
1299 1300 19191 <eps> 
1300 1301 19220 <eps> 
1301 1302 19219 <eps> 
1302 1303 19219 <eps> 
1303 1304 19219 <eps> 
1304 1305 19219 <eps> 
1305 1306 19219 <eps> 
1306 1307 19219 <eps> 
1307 1308 19219 <eps> 
1308 1309 19219 <eps> 
1309 1310 19219 <eps> 
1310 1311 19219 <eps> 
1311 1312 19219 <eps> 
1312 1313 19219 <eps> 
1313 1314 19219 <eps> 
1314 1315 19219 <eps> 
1315 1316 19219 <eps> 
1316 1317 19219 <eps> 
1317 1318 19219 <eps> 
1318 1319 19219 <eps> 
1319 1320 19219 <eps> 
1320 1321 19219 <eps> 
1321 1322 19219 <eps> 
1322 1323 19219 <eps> 
1323 1324 19219 <eps> 
1324 1325 19219 <eps> 
1325 1326 19219 <eps> 
1326 1327 19219 <eps> 
1327 1328 19219 <eps> 
1328 1329 19219 <eps> 
1329 1330 19219 <eps> 
1330 1331 19219 <eps> 
1331 1332 2 <eps> 
1332 1333 8 <eps> 
1333 20 18 <eps> 
1334 1335 15687 <eps> 
1335 1336 26094 <eps> 
1336 1337 26112 <eps> 
1337 1338 26146 <eps> 
1338 1339 26145 <eps> 
1339 1340 26145 <eps> 
1340 1341 21054 <eps> 
1341 1342 21053 <eps> 
1342 1343 21084 <eps> 
1343 1344 21110 <eps> 
1344 1345 19978 <eps> 
1345 1346 20050 <eps> 
1346 1347 20060 <eps> 
1347 1348 20059 <eps> 
1348 1349 20059 <eps> 
1349 1350 25538 <eps> 
1350 1351 25537 <eps> 
1351 1352 25537 <eps> 
1352 1353 25572 <eps> 
1353 1354 25571 <eps> 
1354 1355 25606 <eps> 
1355 17 11180 <eps> 
1356 1357 18725 <eps> 
1357 1358 18772 <eps> 
1358 1359 18771 <eps> 
1359 1360 18771 <eps> 
1360 1361 18792 <eps> 
1361 1362 2252 <eps> 
1362 1363 2288 <eps> 
1363 1364 2316 <eps> 
1364 6 23278 <eps> 
1365 1366 18725 <eps> 
1366 1367 18774 <eps> 
1367 1368 18773 <eps> 
1368 1369 18773 <eps> 
1369 1370 18796 <eps> 
1370 1371 3464 <eps> 
1371 1372 3504 <eps> 
1372 1373 3566 <eps> 
1373 1374 20128 <eps> 
1374 1375 20180 <eps> 
1375 1376 20220 <eps> 
1376 1377 7840 <eps> 
1377 1378 7894 <eps> 
1378 1379 7938 <eps> 
1379 8 5176 <eps> 
1380 1381 18725 <eps> 
1381 1382 18774 <eps> 
1382 1383 18773 <eps> 
1383 1384 18773 <eps> 
1384 1385 18796 <eps> 
1385 1386 3464 <eps> 
1386 1387 3504 <eps> 
1387 1388 3566 <eps> 
1388 1389 19980 <eps> 
1389 1390 19979 <eps> 
1390 1391 20044 <eps> 
1391 1392 20094 <eps> 
1392 1393 5188 <eps> 
1393 1394 5187 <eps> 
1394 1395 5187 <eps> 
1395 1396 5187 <eps> 
1396 1397 5187 <eps> 
1397 1398 5187 <eps> 
1398 1399 5194 <eps> 
1399 1400 5193 <eps> 
1400 1401 5193 <eps> 
1401 22 5193 <eps> 
1402 1403 18725 <eps> 
1403 1404 18774 <eps> 
1404 1405 18773 <eps> 
1405 1406 18773 <eps> 
1406 1407 18796 <eps> 
1407 1408 3476 <eps> 
1408 1409 3488 <eps> 
1409 1410 3487 <eps> 
1410 1411 3536 <eps> 
1411 1412 25378 <eps> 
1412 1413 25400 <eps> 
1413 1414 25412 <eps> 
1414 1415 5176 <eps> 
1415 1416 5175 <eps> 
1416 1417 5175 <eps> 
1417 1418 5175 <eps> 
1418 1419 5194 <eps> 
1419 1420 5193 <eps> 
1420 1421 5193 <eps> 
1421 1422 5193 <eps> 
1422 1423 5193 <eps> 
1423 24 5193 <eps> 
1424 1425 18725 <eps> 
1425 1426 18790 <eps> 
1426 1427 18789 <eps> 
1427 1428 18789 <eps> 
1428 1429 18822 <eps> 
1429 1430 14548 <eps> 
1430 1431 14650 <eps> 
1431 1432 14684 <eps> 
1432 1433 23264 <eps> 
1433 1434 23263 <eps> 
1434 1435 23320 <eps> 
1435 1436 23319 <eps> 
1436 1437 23374 <eps> 
1437 1438 5176 <eps> 
1438 1439 5175 <eps> 
1439 1440 5175 <eps> 
1440 1441 5194 <eps> 
1441 1442 5193 <eps> 
1442 1443 5193 <eps> 
1443 1444 5193 <eps> 
1444 1445 5193 <eps> 
1445 1446 5193 <eps> 
1446 28 5193 <eps> 
1447 1448 23320 <eps> 
1448 1449 23319 <eps> 
1449 1450 23374 <eps> 
1450 1451 5176 <eps> 
1451 1452 5175 <eps> 
1452 1453 5175 <eps> 
1453 1454 5194 <eps> 
1454 1455 5193 <eps> 
1455 1456 5193 <eps> 
1456 1457 5193 <eps> 
1457 1458 5193 <eps> 
1458 1459 5193 <eps> 
1459 1460 5193 <eps> 
1460 1461 5193 <eps> 
1461 1462 5193 <eps> 
1462 1463 5210 <eps> 
1463 1464 5209 <eps> 
1464 1465 5209 <eps> 
1465 1466 5209 <eps> 
1466 1467 19148 <eps> 
1467 1468 19147 <eps> 
1468 1469 19147 <eps> 
1469 1470 19147 <eps> 
1470 1471 19147 <eps> 
1471 1472 19147 <eps> 
1472 1473 19147 <eps> 
1473 1474 19147 <eps> 
1474 1475 19147 <eps> 
1475 1476 19147 <eps> 
1476 1477 19147 <eps> 
1477 1478 19147 <eps> 
1478 1479 19147 <eps> 
1479 1480 19192 <eps> 
1480 1481 19191 <eps> 
1481 1482 19191 <eps> 
1482 1483 19191 <eps> 
1483 1484 19191 <eps> 
1484 1485 19191 <eps> 
1485 1486 19191 <eps> 
1486 1487 19191 <eps> 
1487 1488 19220 <eps> 
1488 1489 19219 <eps> 
1489 1490 19219 <eps> 
1490 1491 19219 <eps> 
1491 1492 19219 <eps> 
1492 1493 19219 <eps> 
1493 1494 19219 <eps> 
1494 1495 19219 <eps> 
1495 1496 19219 <eps> 
1496 1497 19219 <eps> 
1497 1498 19219 <eps> 
1498 1499 19219 <eps> 
1499 1500 19219 <eps> 
1500 1501 19219 <eps> 
1501 1502 19219 <eps> 
1502 1503 19219 <eps> 
1503 1504 19219 <eps> 
1504 1505 19219 <eps> 
1505 1506 19219 <eps> 
1506 1507 19219 <eps> 
1507 1508 19219 <eps> 
1508 1509 19219 <eps> 
1509 1510 19219 <eps> 
1510 1511 19219 <eps> 
1511 1512 19219 <eps> 
1512 1513 19219 <eps> 
1513 1514 19219 <eps> 
1514 1515 19219 <eps> 
1515 1516 19219 <eps> 
1516 1517 19219 <eps> 
1517 1518 19219 <eps> 
1518 1519 2 <eps> 
1519 1520 8 <eps> 
1520 7 18 <eps> 
1521 1522 5194 <eps> 
1522 1523 5193 <eps> 
1523 1524 5193 <eps> 
1524 1525 5193 <eps> 
1525 1526 5193 <eps> 
1526 1527 5193 <eps> 
1527 1528 5193 <eps> 
1528 1529 5193 <eps> 
1529 1530 5193 <eps> 
1530 1531 5210 <eps> 
1531 1532 5209 <eps> 
1532 1533 5209 <eps> 
1533 1534 5209 <eps> 
1534 1535 19148 <eps> 
1535 1536 19147 <eps> 
1536 1537 19147 <eps> 
1537 1538 19147 <eps> 
1538 1539 19147 <eps> 
1539 1540 19147 <eps> 
1540 1541 19147 <eps> 
1541 1542 19147 <eps> 
1542 1543 19147 <eps> 
1543 1544 19147 <eps> 
1544 1545 19147 <eps> 
1545 1546 19147 <eps> 
1546 1547 19147 <eps> 
1547 1548 19192 <eps> 
1548 1549 19191 <eps> 
1549 1550 19191 <eps> 
1550 1551 19191 <eps> 
1551 1552 19191 <eps> 
1552 1553 19191 <eps> 
1553 1554 19191 <eps> 
1554 1555 19191 <eps> 
1555 1556 19220 <eps> 
1556 1557 19219 <eps> 
1557 1558 19219 <eps> 
1558 1559 19219 <eps> 
1559 1560 19219 <eps> 
1560 1561 19219 <eps> 
1561 1562 19219 <eps> 
1562 1563 19219 <eps> 
1563 1564 19219 <eps> 
1564 1565 19219 <eps> 
1565 1566 19219 <eps> 
1566 1567 19219 <eps> 
1567 1568 19219 <eps> 
1568 1569 19219 <eps> 
1569 1570 19219 <eps> 
1570 1571 19219 <eps> 
1571 1572 19219 <eps> 
1572 1573 19219 <eps> 
1573 1574 19219 <eps> 
1574 1575 19219 <eps> 
1575 1576 19219 <eps> 
1576 1577 19219 <eps> 
1577 1578 19219 <eps> 
1578 1579 19219 <eps> 
1579 1580 19219 <eps> 
1580 1581 19219 <eps> 
1581 1582 19219 <eps> 
1582 1583 19219 <eps> 
1583 1584 19219 <eps> 
1584 1585 19219 <eps> 
1585 1586 19219 <eps> 
1586 1587 2 <eps> 
1587 1588 8 <eps> 
1588 9 18 <eps> 
1589 1590 18725 <eps> 
1590 1591 18772 <eps> 
1591 1592 18771 <eps> 
1592 1593 18771 <eps> 
1593 1594 18792 <eps> 
1594 1595 2252 <eps> 
1595 1596 2288 <eps> 
1596 1597 2316 <eps> 
1597 6 23278 <eps> 
1598 1599 18725 <eps> 
1599 1600 18774 <eps> 
1600 1601 18773 <eps> 
1601 1602 18773 <eps> 
1602 1603 18796 <eps> 
1603 1604 3464 <eps> 
1604 1605 3504 <eps> 
1605 1606 3566 <eps> 
1606 1607 20128 <eps> 
1607 1608 20180 <eps> 
1608 1609 20220 <eps> 
1609 1610 7840 <eps> 
1610 1611 7894 <eps> 
1611 1612 7938 <eps> 
1612 8 5176 <eps> 
1613 1614 18725 <eps> 
1614 1615 18774 <eps> 
1615 1616 18773 <eps> 
1616 1617 18773 <eps> 
1617 1618 18796 <eps> 
1618 1619 3464 <eps> 
1619 1620 3504 <eps> 
1620 1621 3566 <eps> 
1621 1622 19980 <eps> 
1622 1623 19979 <eps> 
1623 1624 20044 <eps> 
1624 1625 20094 <eps> 
1625 1626 5188 <eps> 
1626 1627 5187 <eps> 
1627 1628 5187 <eps> 
1628 1629 5187 <eps> 
1629 1630 5187 <eps> 
1630 1631 5187 <eps> 
1631 1632 5194 <eps> 
1632 1633 5193 <eps> 
1633 1634 5193 <eps> 
1634 22 5193 <eps> 
1635 1636 18725 <eps> 
1636 1637 18774 <eps> 
1637 1638 18773 <eps> 
1638 1639 18773 <eps> 
1639 1640 18796 <eps> 
1640 1641 3476 <eps> 
1641 1642 3488 <eps> 
1642 1643 3487 <eps> 
1643 1644 3536 <eps> 
1644 1645 25378 <eps> 
1645 1646 25400 <eps> 
1646 1647 25412 <eps> 
1647 1648 5176 <eps> 
1648 1649 5175 <eps> 
1649 1650 5175 <eps> 
1650 1651 5175 <eps> 
1651 1652 5194 <eps> 
1652 1653 5193 <eps> 
1653 1654 5193 <eps> 
1654 1655 5193 <eps> 
1655 1656 5193 <eps> 
1656 24 5193 <eps> 
1657 1658 17781 <eps> 
1658 1659 17781 <eps> 
1659 1660 17781 <eps> 
1660 1661 14592 <eps> 
1661 1662 14644 <eps> 
1662 1663 14643 <eps> 
1663 1664 14682 <eps> 
1664 1665 14681 <eps> 
1665 12 14681 <eps> 
1666 1667 17747 <eps> 
1667 1668 13482 <eps> 
1668 1669 13481 <eps> 
1669 1670 13481 <eps> 
1670 1671 13516 <eps> 
1671 1672 13544 <eps> 
1672 1673 2450 <eps> 
1673 1674 2506 <eps> 
1674 1675 2536 <eps> 
1675 1676 26088 <eps> 
1676 1677 26087 <eps> 
1677 1678 26108 <eps> 
1678 1679 26107 <eps> 
1679 1680 26107 <eps> 
1680 1681 26107 <eps> 
1681 1682 26122 <eps> 
1682 1683 25554 <eps> 
1683 1684 25553 <eps> 
1684 1685 25553 <eps> 
1685 1686 25553 <eps> 
1686 1687 25553 <eps> 
1687 1688 25553 <eps> 
1688 1689 25553 <eps> 
1689 1690 25553 <eps> 
1690 1691 25553 <eps> 
1691 1692 25553 <eps> 
1692 1693 25553 <eps> 
1693 1694 25572 <eps> 
1694 1695 25571 <eps> 
1695 1696 25571 <eps> 
1696 1697 25606 <eps> 
1697 17 11180 <eps> 
1698 1699 26108 <eps> 
1699 1700 26107 <eps> 
1700 1701 26107 <eps> 
1701 1702 26107 <eps> 
1702 1703 26107 <eps> 
1703 1704 26122 <eps> 
1704 1705 25554 <eps> 
1705 1706 25553 <eps> 
1706 1707 25553 <eps> 
1707 1708 25553 <eps> 
1708 1709 25553 <eps> 
1709 1710 25553 <eps> 
1710 1711 25553 <eps> 
1711 1712 25553 <eps> 
1712 1713 25553 <eps> 
1713 1714 25553 <eps> 
1714 1715 25553 <eps> 
1715 1716 25572 <eps> 
1716 1717 25571 <eps> 
1717 1718 25571 <eps> 
1718 1719 25606 <eps> 
1719 1720 11180 <eps> 
1720 1721 11179 <eps> 
1721 1722 11179 <eps> 
1722 1723 11208 <eps> 
1723 1724 11232 <eps> 
1724 1725 11231 <eps> 
1725 1726 18830 <eps> 
1726 1727 18829 <eps> 
1727 1728 18829 <eps> 
1728 1729 18878 <eps> 
1729 1730 18877 <eps> 
1730 1731 18877 <eps> 
1731 1732 18900 <eps> 
1732 1733 3766 <eps> 
1733 1734 3765 <eps> 
1734 1735 3820 <eps> 
1735 1736 3830 <eps> 
1736 1737 7546 <eps> 
1737 1738 7560 <eps> 
1738 1739 7559 <eps> 
1739 1740 7580 <eps> 
1740 1741 7579 <eps> 
1741 1742 3726 <eps> 
1742 1743 3770 <eps> 
1743 1744 3769 <eps> 
1744 1745 3824 <eps> 
1745 1746 3823 <eps> 
1746 1747 19180 <eps> 
1747 1748 19179 <eps> 
1748 1749 19179 <eps> 
1749 1750 19179 <eps> 
1750 1751 19179 <eps> 
1751 1752 19179 <eps> 
1752 1753 19179 <eps> 
1753 1754 19179 <eps> 
1754 1755 19179 <eps> 
1755 1756 19179 <eps> 
1756 1757 19179 <eps> 
1757 1758 19179 <eps> 
1758 1759 19179 <eps> 
1759 1760 19179 <eps> 
1760 1761 19179 <eps> 
1761 1762 19179 <eps> 
1762 1763 19179 <eps> 
1763 1764 19179 <eps> 
1764 1765 19179 <eps> 
1765 1766 19179 <eps> 
1766 1767 19179 <eps> 
1767 1768 19179 <eps> 
1768 1769 19179 <eps> 
1769 1770 19179 <eps> 
1770 1771 19179 <eps> 
1771 1772 19179 <eps> 
1772 1773 19179 <eps> 
1773 1774 19192 <eps> 
1774 1775 19191 <eps> 
1775 1776 19191 <eps> 
1776 1777 19191 <eps> 
1777 1778 19220 <eps> 
1778 1779 19219 <eps> 
1779 1780 19219 <eps> 
1780 1781 19219 <eps> 
1781 1782 19219 <eps> 
1782 1783 19219 <eps> 
1783 1784 19219 <eps> 
1784 1785 19219 <eps> 
1785 1786 19219 <eps> 
1786 1787 19219 <eps> 
1787 1788 19219 <eps> 
1788 1789 19219 <eps> 
1789 1790 19219 <eps> 
1790 1791 19219 <eps> 
1791 1792 19219 <eps> 
1792 1793 19219 <eps> 
1793 1794 19219 <eps> 
1794 1795 19219 <eps> 
1795 1796 19219 <eps> 
1796 1797 19219 <eps> 
1797 1798 19219 <eps> 
1798 1799 19219 <eps> 
1799 1800 19219 <eps> 
1800 1801 19219 <eps> 
1801 1802 19219 <eps> 
1802 1803 19219 <eps> 
1803 1804 19219 <eps> 
1804 1805 19219 <eps> 
1805 1806 19219 <eps> 
1806 1807 19219 <eps> 
1807 1808 19219 <eps> 
1808 1809 2 <eps> 
1809 1810 8 <eps> 
1810 3 18 <eps> 
1811 1812 26108 <eps> 
1812 1813 26107 <eps> 
1813 1814 26107 <eps> 
1814 1815 26107 <eps> 
1815 1816 26107 <eps> 
1816 1817 26122 <eps> 
1817 1818 25554 <eps> 
1818 1819 25553 <eps> 
1819 1820 25553 <eps> 
1820 1821 25553 <eps> 
1821 1822 25553 <eps> 
1822 1823 25553 <eps> 
1823 1824 25553 <eps> 
1824 1825 25553 <eps> 
1825 1826 25553 <eps> 
1826 1827 25553 <eps> 
1827 1828 25553 <eps> 
1828 1829 25572 <eps> 
1829 1830 25571 <eps> 
1830 1831 25571 <eps> 
1831 1832 25606 <eps> 
1832 1833 11180 <eps> 
1833 1834 11179 <eps> 
1834 1835 11179 <eps> 
1835 1836 11208 <eps> 
1836 1837 11232 <eps> 
1837 1838 11231 <eps> 
1838 10 18726 <eps> 
1839 1840 26108 <eps> 
1840 1841 26107 <eps> 
1841 1842 26107 <eps> 
1842 1843 26107 <eps> 
1843 1844 26107 <eps> 
1844 1845 26122 <eps> 
1845 1846 25554 <eps> 
1846 1847 25553 <eps> 
1847 1848 25553 <eps> 
1848 1849 25553 <eps> 
1849 1850 25553 <eps> 
1850 1851 25553 <eps> 
1851 1852 25553 <eps> 
1852 1853 25553 <eps> 
1853 1854 25553 <eps> 
1854 1855 25553 <eps> 
1855 1856 25553 <eps> 
1856 1857 25572 <eps> 
1857 1858 25571 <eps> 
1858 1859 25571 <eps> 
1859 1860 25606 <eps> 
1860 1861 11180 <eps> 
1861 1862 11179 <eps> 
1862 1863 11179 <eps> 
1863 1864 11208 <eps> 
1864 1865 11232 <eps> 
1865 1866 11231 <eps> 
1866 1867 18830 <eps> 
1867 1868 18829 <eps> 
1868 1869 18829 <eps> 
1869 1870 18878 <eps> 
1870 1871 18877 <eps> 
1871 1872 18877 <eps> 
1872 1873 18900 <eps> 
1873 1874 3754 <eps> 
1874 1875 3794 <eps> 
1875 1876 3858 <eps> 
1876 1877 19980 <eps> 
1877 1878 19979 <eps> 
1878 1879 20044 <eps> 
1879 1880 20094 <eps> 
1880 1881 5188 <eps> 
1881 18 5187 <eps> 
1882 1883 14681 <eps> 
1883 1884 26094 <eps> 
1884 1885 26112 <eps> 
1885 1886 26111 <eps> 
1886 1887 26126 <eps> 
1887 1888 3466 <eps> 
1888 1889 3465 <eps> 
1889 1890 3506 <eps> 
1890 1891 3570 <eps> 
1891 1892 20106 <eps> 
1892 1893 20178 <eps> 
1893 1894 20177 <eps> 
1894 1895 20188 <eps> 
1895 1896 20187 <eps> 
1896 1897 20187 <eps> 
1897 1898 25704 <eps> 
1898 1899 25703 <eps> 
1899 1900 25703 <eps> 
1900 1901 25736 <eps> 
1901 1902 25735 <eps> 
1902 1903 25770 <eps> 
1903 1904 11180 <eps> 
1904 1905 11179 <eps> 
1905 1906 11179 <eps> 
1906 1907 11208 <eps> 
1907 1908 11232 <eps> 
1908 1909 11231 <eps> 
1909 1910 18830 <eps> 
1910 1911 18829 <eps> 
1911 1912 18829 <eps> 
1912 1913 18878 <eps> 
1913 1914 18877 <eps> 
1914 1915 18877 <eps> 
1915 1916 18900 <eps> 
1916 1917 3766 <eps> 
1917 1918 3765 <eps> 
1918 1919 3820 <eps> 
1919 1920 3830 <eps> 
1920 1921 7546 <eps> 
1921 1922 7560 <eps> 
1922 1923 7559 <eps> 
1923 1924 7580 <eps> 
1924 1925 7579 <eps> 
1925 1926 3726 <eps> 
1926 1927 3770 <eps> 
1927 1928 3769 <eps> 
1928 1929 3824 <eps> 
1929 1930 3823 <eps> 
1930 1931 19180 <eps> 
1931 1932 19179 <eps> 
1932 1933 19179 <eps> 
1933 1934 19179 <eps> 
1934 1935 19179 <eps> 
1935 1936 19179 <eps> 
1936 1937 19179 <eps> 
1937 1938 19179 <eps> 
1938 1939 19179 <eps> 
1939 1940 19179 <eps> 
1940 1941 19179 <eps> 
1941 1942 19179 <eps> 
1942 1943 19179 <eps> 
1943 1944 19179 <eps> 
1944 1945 19179 <eps> 
1945 1946 19179 <eps> 
1946 1947 19179 <eps> 
1947 1948 19179 <eps> 
1948 1949 19179 <eps> 
1949 1950 19179 <eps> 
1950 1951 19179 <eps> 
1951 1952 19179 <eps> 
1952 1953 19179 <eps> 
1953 1954 19179 <eps> 
1954 1955 19179 <eps> 
1955 1956 19179 <eps> 
1956 1957 19179 <eps> 
1957 1958 19192 <eps> 
1958 1959 19191 <eps> 
1959 1960 19191 <eps> 
1960 1961 19191 <eps> 
1961 1962 19220 <eps> 
1962 1963 19219 <eps> 
1963 1964 19219 <eps> 
1964 1965 19219 <eps> 
1965 1966 19219 <eps> 
1966 1967 19219 <eps> 
1967 1968 19219 <eps> 
1968 1969 19219 <eps> 
1969 1970 19219 <eps> 
1970 1971 19219 <eps> 
1971 1972 19219 <eps> 
1972 1973 19219 <eps> 
1973 1974 19219 <eps> 
1974 1975 19219 <eps> 
1975 1976 19219 <eps> 
1976 1977 19219 <eps> 
1977 1978 19219 <eps> 
1978 1979 19219 <eps> 
1979 1980 19219 <eps> 
1980 1981 19219 <eps> 
1981 1982 19219 <eps> 
1982 1983 19219 <eps> 
1983 1984 19219 <eps> 
1984 1985 19219 <eps> 
1985 1986 19219 <eps> 
1986 1987 19219 <eps> 
1987 1988 19219 <eps> 
1988 1989 19219 <eps> 
1989 1990 19219 <eps> 
1990 1991 19219 <eps> 
1991 1992 19219 <eps> 
1992 1993 2 <eps> 
1993 1994 8 <eps> 
1994 20 18 <eps> 
1995 1996 23207 <eps> 
1996 1997 23207 <eps> 
1997 1998 23207 <eps> 
1998 1999 14706 <eps> 
1999 2000 14705 <eps> 
2000 2001 14705 <eps> 
2001 2002 14800 <eps> 
2002 2003 14799 <eps> 
2003 2004 14842 <eps> 
2004 14 13508 <eps> 
2005 2006 13524 <eps> 
2006 2007 13560 <eps> 
2007 2008 14876 <eps> 
2008 2009 14875 <eps> 
2009 2010 14954 <eps> 
2010 2011 15014 <eps> 
2011 2012 26094 <eps> 
2012 2013 26108 <eps> 
2013 2014 26107 <eps> 
2014 2015 26107 <eps> 
2015 2016 26107 <eps> 
2016 2017 26107 <eps> 
2017 2018 26122 <eps> 
2018 2019 25554 <eps> 
2019 2020 25553 <eps> 
2020 2021 25553 <eps> 
2021 2022 25553 <eps> 
2022 2023 25553 <eps> 
2023 2024 25553 <eps> 
2024 2025 25553 <eps> 
2025 2026 25553 <eps> 
2026 2027 25553 <eps> 
2027 2028 25553 <eps> 
2028 2029 25553 <eps> 
2029 2030 25572 <eps> 
2030 2031 25571 <eps> 
2031 2032 25571 <eps> 
2032 2033 25606 <eps> 
2033 2034 11180 <eps> 
2034 2035 11179 <eps> 
2035 2036 11179 <eps> 
2036 2037 11208 <eps> 
2037 2038 11232 <eps> 
2038 2039 11231 <eps> 
2039 5 18726 <eps> 
2040 2041 13524 <eps> 
2041 2042 13560 <eps> 
2042 2043 14876 <eps> 
2043 2044 14875 <eps> 
2044 2045 14954 <eps> 
2045 2046 15014 <eps> 
2046 2047 26094 <eps> 
2047 2048 26108 <eps> 
2048 2049 26107 <eps> 
2049 2050 26107 <eps> 
2050 2051 26107 <eps> 
2051 2052 26107 <eps> 
2052 2053 26122 <eps> 
2053 2054 25554 <eps> 
2054 2055 25553 <eps> 
2055 2056 25553 <eps> 
2056 2057 25553 <eps> 
2057 2058 25553 <eps> 
2058 2059 25553 <eps> 
2059 2060 25553 <eps> 
2060 2061 25553 <eps> 
2061 2062 25553 <eps> 
2062 2063 25553 <eps> 
2063 2064 25553 <eps> 
2064 2065 25572 <eps> 
2065 2066 25571 <eps> 
2066 2067 25571 <eps> 
2067 2068 25606 <eps> 
2068 2069 11180 <eps> 
2069 2070 11179 <eps> 
2070 2071 11179 <eps> 
2071 2072 11208 <eps> 
2072 2073 11232 <eps> 
2073 2074 11231 <eps> 
2074 2075 18830 <eps> 
2075 2076 18829 <eps> 
2076 2077 18829 <eps> 
2077 2078 18878 <eps> 
2078 2079 18877 <eps> 
2079 2080 18877 <eps> 
2080 2081 18900 <eps> 
2081 2082 3766 <eps> 
2082 2083 3765 <eps> 
2083 2084 3820 <eps> 
2084 2085 3830 <eps> 
2085 2086 7546 <eps> 
2086 2087 7560 <eps> 
2087 2088 7559 <eps> 
2088 2089 7580 <eps> 
2089 2090 7579 <eps> 
2090 2091 3726 <eps> 
2091 2092 3770 <eps> 
2092 2093 3769 <eps> 
2093 2094 3824 <eps> 
2094 2095 3823 <eps> 
2095 2096 19180 <eps> 
2096 2097 19179 <eps> 
2097 2098 19179 <eps> 
2098 2099 19179 <eps> 
2099 2100 19179 <eps> 
2100 2101 19179 <eps> 
2101 2102 19179 <eps> 
2102 2103 19179 <eps> 
2103 2104 19179 <eps> 
2104 2105 19179 <eps> 
2105 2106 19179 <eps> 
2106 2107 19179 <eps> 
2107 2108 19179 <eps> 
2108 2109 19179 <eps> 
2109 2110 19179 <eps> 
2110 2111 19179 <eps> 
2111 2112 19179 <eps> 
2112 2113 19179 <eps> 
2113 2114 19179 <eps> 
2114 2115 19179 <eps> 
2115 2116 19179 <eps> 
2116 2117 19179 <eps> 
2117 2118 19179 <eps> 
2118 2119 19179 <eps> 
2119 2120 19179 <eps> 
2120 2121 19179 <eps> 
2121 2122 19179 <eps> 
2122 2123 19192 <eps> 
2123 2124 19191 <eps> 
2124 2125 19191 <eps> 
2125 2126 19191 <eps> 
2126 2127 19220 <eps> 
2127 2128 19219 <eps> 
2128 2129 19219 <eps> 
2129 2130 19219 <eps> 
2130 2131 19219 <eps> 
2131 2132 19219 <eps> 
2132 2133 19219 <eps> 
2133 2134 19219 <eps> 
2134 2135 19219 <eps> 
2135 2136 19219 <eps> 
2136 2137 19219 <eps> 
2137 2138 19219 <eps> 
2138 2139 19219 <eps> 
2139 2140 19219 <eps> 
2140 2141 19219 <eps> 
2141 2142 19219 <eps> 
2142 2143 19219 <eps> 
2143 2144 19219 <eps> 
2144 2145 19219 <eps> 
2145 2146 19219 <eps> 
2146 2147 19219 <eps> 
2147 2148 19219 <eps> 
2148 2149 19219 <eps> 
2149 2150 19219 <eps> 
2150 2151 19219 <eps> 
2151 2152 19219 <eps> 
2152 2153 19219 <eps> 
2153 2154 19219 <eps> 
2154 2155 19219 <eps> 
2155 2156 19219 <eps> 
2156 2157 19219 <eps> 
2157 2158 2 <eps> 
2158 2159 8 <eps> 
2159 3 18 <eps> 
2160 2161 15199 <eps> 
2161 2162 15199 <eps> 
2162 2163 15199 <eps> 
2163 2164 15296 <eps> 
2164 2165 15362 <eps> 
2165 2166 19998 <eps> 
2166 2167 20028 <eps> 
2167 2168 20062 <eps> 
2168 2169 13468 <eps> 
2169 2170 13524 <eps> 
2170 2171 13560 <eps> 
2171 2172 14876 <eps> 
2172 2173 14954 <eps> 
2173 2174 15014 <eps> 
2174 2175 26094 <eps> 
2175 2176 26108 <eps> 
2176 2177 26107 <eps> 
2177 2178 26107 <eps> 
2178 2179 26107 <eps> 
2179 2180 26107 <eps> 
2180 2181 26122 <eps> 
2181 2182 25554 <eps> 
2182 2183 25553 <eps> 
2183 2184 25553 <eps> 
2184 2185 25553 <eps> 
2185 2186 25553 <eps> 
2186 2187 25553 <eps> 
2187 16 25553 <eps> 
2188 2189 25553 <eps> 
2189 2190 25553 <eps> 
2190 2191 25553 <eps> 
2191 2192 25572 <eps> 
2192 2193 25571 <eps> 
2193 2194 25571 <eps> 
2194 2195 25606 <eps> 
2195 2196 11180 <eps> 
2196 2197 11179 <eps> 
2197 2198 11179 <eps> 
2198 2199 11208 <eps> 
2199 2200 11232 <eps> 
2200 2201 11231 <eps> 
2201 5 18726 <eps> 
2202 2203 25553 <eps> 
2203 2204 25553 <eps> 
2204 2205 25553 <eps> 
2205 2206 25572 <eps> 
2206 2207 25571 <eps> 
2207 2208 25571 <eps> 
2208 2209 25606 <eps> 
2209 2210 11180 <eps> 
2210 2211 11179 <eps> 
2211 2212 11179 <eps> 
2212 2213 11208 <eps> 
2213 2214 11232 <eps> 
2214 2215 11231 <eps> 
2215 2216 18830 <eps> 
2216 2217 18829 <eps> 
2217 2218 18829 <eps> 
2218 2219 18878 <eps> 
2219 2220 18877 <eps> 
2220 2221 18877 <eps> 
2221 2222 18900 <eps> 
2222 2223 3766 <eps> 
2223 2224 3765 <eps> 
2224 2225 3820 <eps> 
2225 2226 3830 <eps> 
2226 2227 7546 <eps> 
2227 2228 7560 <eps> 
2228 2229 7559 <eps> 
2229 2230 7580 <eps> 
2230 2231 7579 <eps> 
2231 2232 3726 <eps> 
2232 2233 3770 <eps> 
2233 2234 3769 <eps> 
2234 2235 3824 <eps> 
2235 2236 3823 <eps> 
2236 2237 19180 <eps> 
2237 2238 19179 <eps> 
2238 2239 19179 <eps> 
2239 2240 19179 <eps> 
2240 2241 19179 <eps> 
2241 2242 19179 <eps> 
2242 2243 19179 <eps> 
2243 2244 19179 <eps> 
2244 2245 19179 <eps> 
2245 2246 19179 <eps> 
2246 2247 19179 <eps> 
2247 2248 19179 <eps> 
2248 2249 19179 <eps> 
2249 2250 19179 <eps> 
2250 2251 19179 <eps> 
2251 2252 19179 <eps> 
2252 2253 19179 <eps> 
2253 2254 19179 <eps> 
2254 2255 19179 <eps> 
2255 2256 19179 <eps> 
2256 2257 19179 <eps> 
2257 2258 19179 <eps> 
2258 2259 19179 <eps> 
2259 2260 19179 <eps> 
2260 2261 19179 <eps> 
2261 2262 19179 <eps> 
2262 2263 19179 <eps> 
2263 2264 19192 <eps> 
2264 2265 19191 <eps> 
2265 2266 19191 <eps> 
2266 2267 19191 <eps> 
2267 2268 19220 <eps> 
2268 2269 19219 <eps> 
2269 2270 19219 <eps> 
2270 2271 19219 <eps> 
2271 2272 19219 <eps> 
2272 2273 19219 <eps> 
2273 2274 19219 <eps> 
2274 2275 19219 <eps> 
2275 2276 19219 <eps> 
2276 2277 19219 <eps> 
2277 2278 19219 <eps> 
2278 2279 19219 <eps> 
2279 2280 19219 <eps> 
2280 2281 19219 <eps> 
2281 2282 19219 <eps> 
2282 2283 19219 <eps> 
2283 2284 19219 <eps> 
2284 2285 19219 <eps> 
2285 2286 19219 <eps> 
2286 2287 19219 <eps> 
2287 2288 19219 <eps> 
2288 2289 19219 <eps> 
2289 2290 19219 <eps> 
2290 2291 19219 <eps> 
2291 2292 19219 <eps> 
2292 2293 19219 <eps> 
2293 2294 19219 <eps> 
2294 2295 19219 <eps> 
2295 2296 19219 <eps> 
2296 2297 19219 <eps> 
2297 2298 19219 <eps> 
2298 2299 2 <eps> 
2299 2300 8 <eps> 
2300 3 18 <eps> 
2301 2302 11179 <eps> 
2302 2303 11208 <eps> 
2303 2304 11232 <eps> 
2304 2305 11231 <eps> 
2305 2306 18830 <eps> 
2306 2307 18829 <eps> 
2307 2308 18829 <eps> 
2308 2309 18878 <eps> 
2309 2310 18877 <eps> 
2310 2311 18877 <eps> 
2311 2312 18900 <eps> 
2312 2313 3766 <eps> 
2313 2314 3765 <eps> 
2314 2315 3820 <eps> 
2315 2316 3830 <eps> 
2316 2317 7546 <eps> 
2317 2318 7560 <eps> 
2318 2319 7559 <eps> 
2319 2320 7580 <eps> 
2320 2321 7579 <eps> 
2321 2322 3726 <eps> 
2322 2323 3770 <eps> 
2323 2324 3769 <eps> 
2324 2325 3824 <eps> 
2325 2326 3823 <eps> 
2326 2327 19180 <eps> 
2327 2328 19179 <eps> 
2328 2329 19179 <eps> 
2329 2330 19179 <eps> 
2330 2331 19179 <eps> 
2331 2332 19179 <eps> 
2332 2333 19179 <eps> 
2333 2334 19179 <eps> 
2334 2335 19179 <eps> 
2335 2336 19179 <eps> 
2336 2337 19179 <eps> 
2337 2338 19179 <eps> 
2338 2339 19179 <eps> 
2339 2340 19179 <eps> 
2340 2341 19179 <eps> 
2341 2342 19179 <eps> 
2342 2343 19179 <eps> 
2343 2344 19179 <eps> 
2344 2345 19179 <eps> 
2345 2346 19179 <eps> 
2346 2347 19179 <eps> 
2347 2348 19179 <eps> 
2348 2349 19179 <eps> 
2349 2350 19179 <eps> 
2350 2351 19179 <eps> 
2351 2352 19179 <eps> 
2352 2353 19179 <eps> 
2353 2354 19192 <eps> 
2354 2355 19191 <eps> 
2355 2356 19191 <eps> 
2356 2357 19191 <eps> 
2357 2358 19220 <eps> 
2358 2359 19219 <eps> 
2359 2360 19219 <eps> 
2360 2361 19219 <eps> 
2361 2362 19219 <eps> 
2362 2363 19219 <eps> 
2363 2364 19219 <eps> 
2364 2365 19219 <eps> 
2365 2366 19219 <eps> 
2366 2367 19219 <eps> 
2367 2368 19219 <eps> 
2368 2369 19219 <eps> 
2369 2370 19219 <eps> 
2370 2371 19219 <eps> 
2371 2372 19219 <eps> 
2372 2373 19219 <eps> 
2373 2374 19219 <eps> 
2374 2375 19219 <eps> 
2375 2376 19219 <eps> 
2376 2377 19219 <eps> 
2377 2378 19219 <eps> 
2378 2379 19219 <eps> 
2379 2380 19219 <eps> 
2380 2381 19219 <eps> 
2381 2382 19219 <eps> 
2382 2383 19219 <eps> 
2383 2384 19219 <eps> 
2384 2385 19219 <eps> 
2385 2386 19219 <eps> 
2386 2387 19219 <eps> 
2387 2388 19219 <eps> 
2388 2389 2 <eps> 
2389 2390 8 <eps> 
2390 3 18 <eps> 
2391 2392 11179 <eps> 
2392 2393 11208 <eps> 
2393 2394 11232 <eps> 
2394 2395 11231 <eps> 
2395 10 18726 <eps> 
2396 2397 5187 <eps> 
2397 2398 5187 <eps> 
2398 2399 5187 <eps> 
2399 2400 5194 <eps> 
2400 2401 5193 <eps> 
2401 2402 5193 <eps> 
2402 2403 5193 <eps> 
2403 2404 5193 <eps> 
2404 2405 5193 <eps> 
2405 2406 5193 <eps> 
2406 2407 5210 <eps> 
2407 2408 5209 <eps> 
2408 2409 5209 <eps> 
2409 2410 5209 <eps> 
2410 2411 19148 <eps> 
2411 2412 19147 <eps> 
2412 2413 19147 <eps> 
2413 2414 19147 <eps> 
2414 2415 19147 <eps> 
2415 2416 19147 <eps> 
2416 2417 19147 <eps> 
2417 2418 19147 <eps> 
2418 2419 19147 <eps> 
2419 2420 19147 <eps> 
2420 2421 19147 <eps> 
2421 2422 19147 <eps> 
2422 2423 19147 <eps> 
2423 2424 19192 <eps> 
2424 2425 19191 <eps> 
2425 2426 19191 <eps> 
2426 2427 19191 <eps> 
2427 2428 19191 <eps> 
2428 2429 19191 <eps> 
2429 2430 19191 <eps> 
2430 2431 19191 <eps> 
2431 2432 19220 <eps> 
2432 2433 19219 <eps> 
2433 2434 19219 <eps> 
2434 2435 19219 <eps> 
2435 2436 19219 <eps> 
2436 2437 19219 <eps> 
2437 2438 19219 <eps> 
2438 2439 19219 <eps> 
2439 2440 19219 <eps> 
2440 2441 19219 <eps> 
2441 2442 19219 <eps> 
2442 2443 19219 <eps> 
2443 2444 19219 <eps> 
2444 2445 19219 <eps> 
2445 2446 19219 <eps> 
2446 2447 19219 <eps> 
2447 2448 19219 <eps> 
2448 2449 19219 <eps> 
2449 2450 19219 <eps> 
2450 2451 19219 <eps> 
2451 2452 19219 <eps> 
2452 2453 19219 <eps> 
2453 2454 19219 <eps> 
2454 2455 19219 <eps> 
2455 2456 19219 <eps> 
2456 2457 19219 <eps> 
2457 2458 19219 <eps> 
2458 2459 19219 <eps> 
2459 2460 19219 <eps> 
2460 2461 19219 <eps> 
2461 2462 19219 <eps> 
2462 2463 2 <eps> 
2463 2464 8 <eps> 
2464 19 18 <eps> 
2465 2466 11179 <eps> 
2466 2467 11208 <eps> 
2467 2468 11232 <eps> 
2468 2469 11231 <eps> 
2469 2470 18830 <eps> 
2470 2471 18829 <eps> 
2471 2472 18829 <eps> 
2472 2473 18878 <eps> 
2473 2474 18877 <eps> 
2474 2475 18877 <eps> 
2475 2476 18900 <eps> 
2476 2477 3766 <eps> 
2477 2478 3765 <eps> 
2478 2479 3820 <eps> 
2479 2480 3830 <eps> 
2480 2481 7546 <eps> 
2481 2482 7560 <eps> 
2482 2483 7559 <eps> 
2483 2484 7580 <eps> 
2484 2485 7579 <eps> 
2485 2486 3726 <eps> 
2486 2487 3770 <eps> 
2487 2488 3769 <eps> 
2488 2489 3824 <eps> 
2489 2490 3823 <eps> 
2490 2491 19180 <eps> 
2491 2492 19179 <eps> 
2492 2493 19179 <eps> 
2493 2494 19179 <eps> 
2494 2495 19179 <eps> 
2495 2496 19179 <eps> 
2496 2497 19179 <eps> 
2497 2498 19179 <eps> 
2498 2499 19179 <eps> 
2499 2500 19179 <eps> 
2500 2501 19179 <eps> 
2501 2502 19179 <eps> 
2502 2503 19179 <eps> 
2503 2504 19179 <eps> 
2504 2505 19179 <eps> 
2505 2506 19179 <eps> 
2506 2507 19179 <eps> 
2507 2508 19179 <eps> 
2508 2509 19179 <eps> 
2509 2510 19179 <eps> 
2510 2511 19179 <eps> 
2511 2512 19179 <eps> 
2512 2513 19179 <eps> 
2513 2514 19179 <eps> 
2514 2515 19179 <eps> 
2515 2516 19179 <eps> 
2516 2517 19179 <eps> 
2517 2518 19192 <eps> 
2518 2519 19191 <eps> 
2519 2520 19191 <eps> 
2520 2521 19191 <eps> 
2521 2522 19220 <eps> 
2522 2523 19219 <eps> 
2523 2524 19219 <eps> 
2524 2525 19219 <eps> 
2525 2526 19219 <eps> 
2526 2527 19219 <eps> 
2527 2528 19219 <eps> 
2528 2529 19219 <eps> 
2529 2530 19219 <eps> 
2530 2531 19219 <eps> 
2531 2532 19219 <eps> 
2532 2533 19219 <eps> 
2533 2534 19219 <eps> 
2534 2535 19219 <eps> 
2535 2536 19219 <eps> 
2536 2537 19219 <eps> 
2537 2538 19219 <eps> 
2538 2539 19219 <eps> 
2539 2540 19219 <eps> 
2540 2541 19219 <eps> 
2541 2542 19219 <eps> 
2542 2543 19219 <eps> 
2543 2544 19219 <eps> 
2544 2545 19219 <eps> 
2545 2546 19219 <eps> 
2546 2547 19219 <eps> 
2547 2548 19219 <eps> 
2548 2549 19219 <eps> 
2549 2550 19219 <eps> 
2550 2551 19219 <eps> 
2551 2552 19219 <eps> 
2552 2553 2 <eps> 
2553 2554 8 <eps> 
2554 3 18 <eps> 
2555 2556 11179 <eps> 
2556 2557 11208 <eps> 
2557 2558 11232 <eps> 
2558 2559 11231 <eps> 
2559 26 18726 <eps> 
2560 2561 5193 <eps> 
2561 2562 5193 <eps> 
2562 2563 5210 <eps> 
2563 2564 5209 <eps> 
2564 2565 5209 <eps> 
2565 2566 5209 <eps> 
2566 2567 19148 <eps> 
2567 2568 19147 <eps> 
2568 2569 19147 <eps> 
2569 2570 19147 <eps> 
2570 2571 19147 <eps> 
2571 2572 19147 <eps> 
2572 2573 19147 <eps> 
2573 2574 19147 <eps> 
2574 2575 19147 <eps> 
2575 2576 19147 <eps> 
2576 2577 19147 <eps> 
2577 2578 19147 <eps> 
2578 2579 19147 <eps> 
2579 2580 19192 <eps> 
2580 2581 19191 <eps> 
2581 2582 19191 <eps> 
2582 2583 19191 <eps> 
2583 2584 19191 <eps> 
2584 2585 19191 <eps> 
2585 2586 19191 <eps> 
2586 2587 19191 <eps> 
2587 2588 19220 <eps> 
2588 2589 19219 <eps> 
2589 2590 19219 <eps> 
2590 2591 19219 <eps> 
2591 2592 19219 <eps> 
2592 2593 19219 <eps> 
2593 2594 19219 <eps> 
2594 2595 19219 <eps> 
2595 2596 19219 <eps> 
2596 2597 19219 <eps> 
2597 2598 19219 <eps> 
2598 2599 19219 <eps> 
2599 2600 19219 <eps> 
2600 2601 19219 <eps> 
2601 2602 19219 <eps> 
2602 2603 19219 <eps> 
2603 2604 19219 <eps> 
2604 2605 19219 <eps> 
2605 2606 19219 <eps> 
2606 2607 19219 <eps> 
2607 2608 19219 <eps> 
2608 2609 19219 <eps> 
2609 2610 19219 <eps> 
2610 2611 19219 <eps> 
2611 2612 19219 <eps> 
2612 2613 19219 <eps> 
2613 2614 19219 <eps> 
2614 2615 19219 <eps> 
2615 2616 19219 <eps> 
2616 2617 19219 <eps> 
2617 2618 19219 <eps> 
2618 2619 2 <eps> 
2619 2620 8 <eps> 
2620 23 18 <eps> 
2621 2622 5193 <eps> 
2622 2623 5193 <eps> 
2623 2624 5210 <eps> 
2624 2625 5209 <eps> 
2625 2626 5209 <eps> 
2626 2627 5209 <eps> 
2627 2628 19148 <eps> 
2628 2629 19147 <eps> 
2629 2630 19147 <eps> 
2630 2631 19147 <eps> 
2631 2632 19147 <eps> 
2632 2633 19147 <eps> 
2633 2634 19147 <eps> 
2634 2635 19147 <eps> 
2635 2636 19147 <eps> 
2636 2637 19147 <eps> 
2637 2638 19147 <eps> 
2638 2639 19147 <eps> 
2639 2640 19147 <eps> 
2640 2641 19192 <eps> 
2641 2642 19191 <eps> 
2642 2643 19191 <eps> 
2643 2644 19191 <eps> 
2644 2645 19191 <eps> 
2645 2646 19191 <eps> 
2646 2647 19191 <eps> 
2647 2648 19191 <eps> 
2648 2649 19220 <eps> 
2649 2650 19219 <eps> 
2650 2651 19219 <eps> 
2651 2652 19219 <eps> 
2652 2653 19219 <eps> 
2653 2654 19219 <eps> 
2654 2655 19219 <eps> 
2655 2656 19219 <eps> 
2656 2657 19219 <eps> 
2657 2658 19219 <eps> 
2658 2659 19219 <eps> 
2659 2660 19219 <eps> 
2660 2661 19219 <eps> 
2661 2662 19219 <eps> 
2662 2663 19219 <eps> 
2663 2664 19219 <eps> 
2664 2665 19219 <eps> 
2665 2666 19219 <eps> 
2666 2667 19219 <eps> 
2667 2668 19219 <eps> 
2668 2669 19219 <eps> 
2669 2670 19219 <eps> 
2670 2671 19219 <eps> 
2671 2672 19219 <eps> 
2672 2673 19219 <eps> 
2673 2674 19219 <eps> 
2674 2675 19219 <eps> 
2675 2676 19219 <eps> 
2676 2677 19219 <eps> 
2677 2678 19219 <eps> 
2678 2679 19219 <eps> 
2679 2680 2 <eps> 
2680 2681 8 <eps> 
2681 25 18 <eps> 
2682 2683 18725 <eps> 
2683 2684 18772 <eps> 
2684 2685 18771 <eps> 
2685 2686 18771 <eps> 
2686 2687 18792 <eps> 
2687 2688 2252 <eps> 
2688 2689 2288 <eps> 
2689 2690 2316 <eps> 
2690 6 23278 <eps> 
2691 2692 18878 <eps> 
2692 2693 18877 <eps> 
2693 2694 18877 <eps> 
2694 2695 18900 <eps> 
2695 2696 3754 <eps> 
2696 2697 3794 <eps> 
2697 2698 3858 <eps> 
2698 2699 19980 <eps> 
2699 2700 19979 <eps> 
2700 2701 20044 <eps> 
2701 2702 20094 <eps> 
2702 2703 5188 <eps> 
2703 18 5187 <eps> 
2704 2705 5193 <eps> 
2705 2706 5210 <eps> 
2706 2707 5209 <eps> 
2707 2708 5209 <eps> 
2708 2709 5209 <eps> 
2709 2710 19148 <eps> 
2710 2711 19147 <eps> 
2711 2712 19147 <eps> 
2712 2713 19147 <eps> 
2713 2714 19147 <eps> 
2714 2715 19147 <eps> 
2715 2716 19147 <eps> 
2716 2717 19147 <eps> 
2717 2718 19147 <eps> 
2718 2719 19147 <eps> 
2719 2720 19147 <eps> 
2720 2721 19147 <eps> 
2721 2722 19147 <eps> 
2722 2723 19192 <eps> 
2723 2724 19191 <eps> 
2724 2725 19191 <eps> 
2725 2726 19191 <eps> 
2726 2727 19191 <eps> 
2727 2728 19191 <eps> 
2728 2729 19191 <eps> 
2729 2730 19191 <eps> 
2730 2731 19220 <eps> 
2731 2732 19219 <eps> 
2732 2733 19219 <eps> 
2733 2734 19219 <eps> 
2734 2735 19219 <eps> 
2735 2736 19219 <eps> 
2736 2737 19219 <eps> 
2737 2738 19219 <eps> 
2738 2739 19219 <eps> 
2739 2740 19219 <eps> 
2740 2741 19219 <eps> 
2741 2742 19219 <eps> 
2742 2743 19219 <eps> 
2743 2744 19219 <eps> 
2744 2745 19219 <eps> 
2745 2746 19219 <eps> 
2746 2747 19219 <eps> 
2747 2748 19219 <eps> 
2748 2749 19219 <eps> 
2749 2750 19219 <eps> 
2750 2751 19219 <eps> 
2751 2752 19219 <eps> 
2752 2753 19219 <eps> 
2753 2754 19219 <eps> 
2754 2755 19219 <eps> 
2755 2756 19219 <eps> 
2756 2757 19219 <eps> 
2757 2758 19219 <eps> 
2758 2759 19219 <eps> 
2759 2760 19219 <eps> 
2760 2761 19219 <eps> 
2761 2762 2 <eps> 
2762 2763 8 <eps> 
2763 29 18 <eps> 
2764 2765 2288 <eps> 
2765 2766 2287 <eps> 
2766 2767 2316 <eps> 
2767 2768 23278 <eps> 
2768 2769 23277 <eps> 
2769 2770 23320 <eps> 
2770 2771 23319 <eps> 
2771 2772 23374 <eps> 
2772 2773 5176 <eps> 
2773 31 5175 <eps> 
2774 2775 5194 <eps> 
2775 2776 5193 <eps> 
2776 2777 5193 <eps> 
2777 2778 5193 <eps> 
2778 2779 5193 <eps> 
2779 2780 5193 <eps> 
2780 2781 5193 <eps> 
2781 2782 5193 <eps> 
2782 2783 5193 <eps> 
2783 2784 5210 <eps> 
2784 2785 5209 <eps> 
2785 2786 5209 <eps> 
2786 2787 5209 <eps> 
2787 2788 19148 <eps> 
2788 2789 19147 <eps> 
2789 2790 19147 <eps> 
2790 2791 19147 <eps> 
2791 2792 19147 <eps> 
2792 2793 19147 <eps> 
2793 2794 19147 <eps> 
2794 2795 19147 <eps> 
2795 2796 19147 <eps> 
2796 2797 19147 <eps> 
2797 2798 19147 <eps> 
2798 2799 19147 <eps> 
2799 2800 19147 <eps> 
2800 2801 19192 <eps> 
2801 2802 19191 <eps> 
2802 2803 19191 <eps> 
2803 2804 19191 <eps> 
2804 2805 19191 <eps> 
2805 2806 19191 <eps> 
2806 2807 19191 <eps> 
2807 2808 19191 <eps> 
2808 2809 19220 <eps> 
2809 2810 19219 <eps> 
2810 2811 19219 <eps> 
2811 2812 19219 <eps> 
2812 2813 19219 <eps> 
2813 2814 19219 <eps> 
2814 2815 19219 <eps> 
2815 2816 19219 <eps> 
2816 2817 19219 <eps> 
2817 2818 19219 <eps> 
2818 2819 19219 <eps> 
2819 2820 19219 <eps> 
2820 2821 19219 <eps> 
2821 2822 19219 <eps> 
2822 2823 19219 <eps> 
2823 2824 19219 <eps> 
2824 2825 19219 <eps> 
2825 2826 19219 <eps> 
2826 2827 19219 <eps> 
2827 2828 19219 <eps> 
2828 2829 19219 <eps> 
2829 2830 19219 <eps> 
2830 2831 19219 <eps> 
2831 2832 19219 <eps> 
2832 2833 19219 <eps> 
2833 2834 19219 <eps> 
2834 2835 19219 <eps> 
2835 2836 19219 <eps> 
2836 2837 19219 <eps> 
2837 2838 19219 <eps> 
2838 2839 19219 <eps> 
2839 2840 2 <eps> 
2840 2841 8 <eps> 
2841 7 18 <eps> 
2842 2843 2287 <eps> 
2843 2844 2287 <eps> 
2844 2845 2287 <eps> 
2845 2846 2287 <eps> 
2846 2847 2316 <eps> 
2847 2848 23278 <eps> 
2848 2849 23277 <eps> 
2849 2850 23320 <eps> 
2850 2851 23319 <eps> 
2851 33 23374 <eps> 
2852 2853 5175 <eps> 
2853 2854 5175 <eps> 
2854 2855 5194 <eps> 
2855 2856 5193 <eps> 
2856 2857 5193 <eps> 
2857 2858 5193 <eps> 
2858 2859 5193 <eps> 
2859 2860 5193 <eps> 
2860 2861 5193 <eps> 
2861 2862 5193 <eps> 
2862 2863 5193 <eps> 
2863 2864 5210 <eps> 
2864 2865 5209 <eps> 
2865 2866 5209 <eps> 
2866 2867 5209 <eps> 
2867 2868 19148 <eps> 
2868 2869 19147 <eps> 
2869 2870 19147 <eps> 
2870 2871 19147 <eps> 
2871 2872 19147 <eps> 
2872 2873 19147 <eps> 
2873 2874 19147 <eps> 
2874 2875 19147 <eps> 
2875 2876 19147 <eps> 
2876 2877 19147 <eps> 
2877 2878 19147 <eps> 
2878 2879 19147 <eps> 
2879 2880 19147 <eps> 
2880 2881 19192 <eps> 
2881 2882 19191 <eps> 
2882 2883 19191 <eps> 
2883 2884 19191 <eps> 
2884 2885 19191 <eps> 
2885 2886 19191 <eps> 
2886 2887 19191 <eps> 
2887 2888 19191 <eps> 
2888 2889 19220 <eps> 
2889 2890 19219 <eps> 
2890 2891 19219 <eps> 
2891 2892 19219 <eps> 
2892 2893 19219 <eps> 
2893 2894 19219 <eps> 
2894 2895 19219 <eps> 
2895 2896 19219 <eps> 
2896 2897 19219 <eps> 
2897 2898 19219 <eps> 
2898 2899 19219 <eps> 
2899 2900 19219 <eps> 
2900 2901 19219 <eps> 
2901 2902 19219 <eps> 
2902 2903 19219 <eps> 
2903 2904 19219 <eps> 
2904 2905 19219 <eps> 
2905 2906 19219 <eps> 
2906 2907 19219 <eps> 
2907 2908 19219 <eps> 
2908 2909 19219 <eps> 
2909 2910 19219 <eps> 
2910 2911 19219 <eps> 
2911 2912 19219 <eps> 
2912 2913 19219 <eps> 
2913 2914 19219 <eps> 
2914 2915 19219 <eps> 
2915 2916 19219 <eps> 
2916 2917 19219 <eps> 
2917 2918 19219 <eps> 
2918 2919 19219 <eps> 
2919 2920 2 <eps> 
2920 2921 8 <eps> 
2921 7 18 <eps> 

